# Depth 	 x_min 	 x_max 	 y_min 	 y_max 	 node value
4	-5.00000	-4.25000	18.12500	20.00000	12.000	
5	-4.25000	-3.87500	19.06250	20.00000	12.000	
5	-3.87500	-3.50000	19.06250	20.00000	12.000	
5	-4.25000	-3.87500	18.12500	19.06250	12.000	
5	-3.87500	-3.50000	18.12500	19.06250	12.000	
4	-5.00000	-4.25000	16.25000	18.12500	12.000	
4	-4.25000	-3.50000	16.25000	18.12500	12.000	
5	-3.50000	-3.12500	19.06250	20.00000	12.000	
6	-3.12500	-2.93750	19.53125	20.00000	12.000	
7	-2.93750	-2.84375	19.76562	20.00000	12.000	
7	-2.84375	-2.75000	19.76562	20.00000	11.916	
7	-2.93750	-2.84375	19.53125	19.76562	11.978	
7	-2.84375	-2.75000	19.53125	19.76562	11.471	
7	-3.12500	-3.03125	19.29688	19.53125	12.000	
7	-3.03125	-2.93750	19.29688	19.53125	12.000	
7	-3.12500	-3.03125	19.06250	19.29688	12.000	
7	-3.03125	-2.93750	19.06250	19.29688	12.000	
7	-2.93750	-2.84375	19.29688	19.53125	11.808	
7	-2.84375	-2.75000	19.29688	19.53125	10.986	
7	-2.93750	-2.84375	19.06250	19.29688	11.711	
7	-2.84375	-2.75000	19.06250	19.29688	10.672	
5	-3.50000	-3.12500	18.12500	19.06250	12.000	
7	-3.12500	-3.03125	18.82812	19.06250	12.000	
7	-3.03125	-2.93750	18.82812	19.06250	12.000	
7	-3.12500	-3.03125	18.59375	18.82812	12.000	
7	-3.03125	-2.93750	18.59375	18.82812	12.000	
7	-2.93750	-2.84375	18.82812	19.06250	11.672	
7	-2.84375	-2.75000	18.82812	19.06250	10.349	
7	-2.93750	-2.84375	18.59375	18.82812	11.541	
7	-2.84375	-2.75000	18.59375	18.82812	10.175	
7	-3.12500	-3.03125	18.35938	18.59375	12.000	
7	-3.03125	-2.93750	18.35938	18.59375	12.000	
7	-3.12500	-3.03125	18.12500	18.35938	12.000	
7	-3.03125	-2.93750	18.12500	18.35938	12.000	
7	-2.93750	-2.84375	18.35938	18.59375	11.585	
7	-2.84375	-2.75000	18.35938	18.59375	10.238	
7	-2.93750	-2.84375	18.12500	18.35938	11.690	
7	-2.84375	-2.75000	18.12500	18.35938	10.137	
7	-2.75000	-2.65625	19.76562	20.00000	11.838	
7	-2.65625	-2.56250	19.76562	20.00000	11.973	
7	-2.75000	-2.65625	19.53125	19.76562	11.239	
7	-2.65625	-2.56250	19.53125	19.76562	11.432	
7	-2.56250	-2.46875	19.76562	20.00000	12.000	
7	-2.46875	-2.37500	19.76562	20.00000	12.000	
7	-2.56250	-2.46875	19.53125	19.76562	11.892	
7	-2.46875	-2.37500	19.53125	19.76562	12.000	
7	-2.75000	-2.65625	19.29688	19.53125	10.529	
7	-2.65625	-2.56250	19.29688	19.53125	10.608	
7	-2.75000	-2.65625	19.06250	19.29688	10.006	
7	-2.65625	-2.56250	19.06250	19.29688	9.868	
7	-2.56250	-2.46875	19.29688	19.53125	11.227	
7	-2.46875	-2.37500	19.29688	19.53125	11.868	
7	-2.56250	-2.46875	19.06250	19.29688	10.183	
7	-2.46875	-2.37500	19.06250	19.29688	11.122	
6	-2.37500	-2.18750	19.53125	20.00000	12.000	
6	-2.18750	-2.00000	19.53125	20.00000	12.000	
7	-2.37500	-2.28125	19.29688	19.53125	12.000	
7	-2.28125	-2.18750	19.29688	19.53125	12.000	
7	-2.37500	-2.28125	19.06250	19.29688	11.979	
7	-2.28125	-2.18750	19.06250	19.29688	12.000	
6	-2.18750	-2.00000	19.06250	19.53125	12.000	
7	-2.75000	-2.65625	18.82812	19.06250	9.569	
7	-2.65625	-2.56250	18.82812	19.06250	9.271	
7	-2.75000	-2.65625	18.59375	18.82812	9.199	
7	-2.65625	-2.56250	18.59375	18.82812	8.696	
7	-2.56250	-2.46875	18.82812	19.06250	9.464	
7	-2.46875	-2.37500	18.82812	19.06250	10.089	
7	-2.56250	-2.46875	18.59375	18.82812	8.742	
7	-2.46875	-2.37500	18.59375	18.82812	9.224	
7	-2.75000	-2.65625	18.35938	18.59375	8.947	
7	-2.65625	-2.56250	18.35938	18.59375	8.243	
7	-2.75000	-2.65625	18.12500	18.35938	8.735	
7	-2.65625	-2.56250	18.12500	18.35938	7.895	
7	-2.56250	-2.46875	18.35938	18.59375	8.037	
7	-2.46875	-2.37500	18.35938	18.59375	8.389	
7	-2.56250	-2.46875	18.12500	18.35938	7.494	
7	-2.46875	-2.37500	18.12500	18.35938	7.661	
7	-2.37500	-2.28125	18.82812	19.06250	11.176	
7	-2.28125	-2.18750	18.82812	19.06250	11.982	
7	-2.37500	-2.28125	18.59375	18.82812	10.263	
7	-2.28125	-2.18750	18.59375	18.82812	11.518	
7	-2.18750	-2.09375	18.82812	19.06250	12.000	
7	-2.09375	-2.00000	18.82812	19.06250	12.000	
7	-2.18750	-2.09375	18.59375	18.82812	12.000	
7	-2.09375	-2.00000	18.59375	18.82812	12.000	
7	-2.37500	-2.28125	18.35938	18.59375	9.053	
7	-2.28125	-2.18750	18.35938	18.59375	10.338	
7	-2.37500	-2.28125	18.12500	18.35938	8.236	
7	-2.28125	-2.18750	18.12500	18.35938	9.203	
7	-2.18750	-2.09375	18.35938	18.59375	11.795	
7	-2.09375	-2.00000	18.35938	18.59375	12.000	
7	-2.18750	-2.09375	18.12500	18.35938	10.917	
7	-2.09375	-2.00000	18.12500	18.35938	11.964	
5	-3.50000	-3.12500	17.18750	18.12500	12.000	
7	-3.12500	-3.03125	17.89062	18.12500	12.000	
7	-3.03125	-2.93750	17.89062	18.12500	12.000	
7	-3.12500	-3.03125	17.65625	17.89062	12.000	
7	-3.03125	-2.93750	17.65625	17.89062	12.000	
7	-2.93750	-2.84375	17.89062	18.12500	11.862	
7	-2.84375	-2.75000	17.89062	18.12500	10.328	
7	-2.93750	-2.84375	17.65625	17.89062	11.938	
7	-2.84375	-2.75000	17.65625	17.89062	10.384	
6	-3.12500	-2.93750	17.18750	17.65625	12.000	
7	-2.93750	-2.84375	17.42188	17.65625	12.000	
7	-2.84375	-2.75000	17.42188	17.65625	10.661	
7	-2.93750	-2.84375	17.18750	17.42188	12.000	
7	-2.84375	-2.75000	17.18750	17.42188	11.184	
5	-3.50000	-3.12500	16.25000	17.18750	12.000	
6	-3.12500	-2.93750	16.71875	17.18750	12.000	
7	-2.93750	-2.84375	16.95312	17.18750	12.000	
7	-2.84375	-2.75000	16.95312	17.18750	11.338	
7	-2.93750	-2.84375	16.71875	16.95312	12.000	
7	-2.84375	-2.75000	16.71875	16.95312	11.769	
6	-3.12500	-2.93750	16.25000	16.71875	12.000	
7	-2.93750	-2.84375	16.48438	16.71875	12.000	
7	-2.84375	-2.75000	16.48438	16.71875	11.934	
7	-2.93750	-2.84375	16.25000	16.48438	12.000	
7	-2.84375	-2.75000	16.25000	16.48438	11.996	
7	-2.75000	-2.65625	17.89062	18.12500	8.683	
7	-2.65625	-2.56250	17.89062	18.12500	7.737	
7	-2.75000	-2.65625	17.65625	17.89062	8.676	
7	-2.65625	-2.56250	17.65625	17.89062	7.446	
7	-2.56250	-2.46875	17.89062	18.12500	7.063	
7	-2.46875	-2.37500	17.89062	18.12500	7.033	
7	-2.56250	-2.46875	17.65625	17.89062	6.707	
7	-2.46875	-2.37500	17.65625	17.89062	6.415	
7	-2.75000	-2.65625	17.42188	17.65625	8.782	
7	-2.65625	-2.56250	17.42188	17.65625	7.374	
7	-2.75000	-2.65625	17.18750	17.42188	9.021	
7	-2.65625	-2.56250	17.18750	17.42188	7.238	
7	-2.56250	-2.46875	17.42188	17.65625	6.426	
7	-2.46875	-2.37500	17.42188	17.65625	5.964	
7	-2.56250	-2.46875	17.18750	17.42188	6.214	
7	-2.46875	-2.37500	17.18750	17.42188	5.639	
7	-2.37500	-2.28125	17.89062	18.12500	7.493	
7	-2.28125	-2.18750	17.89062	18.12500	8.348	
7	-2.37500	-2.28125	17.65625	17.89062	6.705	
7	-2.28125	-2.18750	17.65625	17.89062	7.341	
7	-2.18750	-2.09375	17.89062	18.12500	9.741	
7	-2.09375	-2.00000	17.89062	18.12500	11.507	
7	-2.18750	-2.09375	17.65625	17.89062	8.620	
7	-2.09375	-2.00000	17.65625	17.89062	10.407	
7	-2.37500	-2.28125	17.42188	17.65625	6.052	
7	-2.28125	-2.18750	17.42188	17.65625	6.643	
7	-2.37500	-2.28125	17.18750	17.42188	5.498	
7	-2.28125	-2.18750	17.18750	17.42188	5.919	
7	-2.18750	-2.09375	17.42188	17.65625	7.752	
7	-2.09375	-2.00000	17.42188	17.65625	9.263	
7	-2.18750	-2.09375	17.18750	17.42188	6.718	
7	-2.09375	-2.00000	17.18750	17.42188	7.997	
7	-2.75000	-2.65625	16.95312	17.18750	9.419	
7	-2.65625	-2.56250	16.95312	17.18750	7.480	
7	-2.75000	-2.65625	16.71875	16.95312	9.644	
7	-2.65625	-2.56250	16.71875	16.95312	7.630	
7	-2.56250	-2.46875	16.95312	17.18750	6.162	
7	-2.46875	-2.37500	16.95312	17.18750	5.381	
7	-2.56250	-2.46875	16.71875	16.95312	6.165	
7	-2.46875	-2.37500	16.71875	16.95312	5.209	
7	-2.75000	-2.65625	16.48438	16.71875	10.136	
7	-2.65625	-2.56250	16.48438	16.71875	7.977	
7	-2.75000	-2.65625	16.25000	16.48438	10.712	
7	-2.65625	-2.56250	16.25000	16.48438	8.272	
7	-2.56250	-2.46875	16.48438	16.71875	6.264	
7	-2.46875	-2.37500	16.48438	16.71875	5.061	
7	-2.56250	-2.46875	16.25000	16.48438	6.465	
7	-2.46875	-2.37500	16.25000	16.48438	5.171	
7	-2.37500	-2.28125	16.95312	17.18750	5.069	
7	-2.28125	-2.18750	16.95312	17.18750	5.316	
7	-2.37500	-2.28125	16.71875	16.95312	4.683	
7	-2.28125	-2.18750	16.71875	16.95312	4.696	
7	-2.18750	-2.09375	16.95312	17.18750	5.911	
7	-2.09375	-2.00000	16.95312	17.18750	7.124	
7	-2.18750	-2.09375	16.71875	16.95312	5.207	
7	-2.09375	-2.00000	16.71875	16.95312	6.284	
7	-2.37500	-2.28125	16.48438	16.71875	4.387	
7	-2.28125	-2.18750	16.48438	16.71875	4.198	
7	-2.37500	-2.28125	16.25000	16.48438	4.273	
7	-2.28125	-2.18750	16.25000	16.48438	3.899	
7	-2.18750	-2.09375	16.48438	16.71875	4.514	
7	-2.09375	-2.00000	16.48438	16.71875	5.419	
7	-2.18750	-2.09375	16.25000	16.48438	4.001	
7	-2.09375	-2.00000	16.25000	16.48438	4.657	
3	-5.00000	-3.50000	12.50000	16.25000	12.000	
5	-3.50000	-3.12500	15.31250	16.25000	12.000	
6	-3.12500	-2.93750	15.78125	16.25000	12.000	
7	-2.93750	-2.84375	16.01562	16.25000	12.000	
7	-2.84375	-2.75000	16.01562	16.25000	12.000	
7	-2.93750	-2.84375	15.78125	16.01562	12.000	
7	-2.84375	-2.75000	15.78125	16.01562	12.000	
6	-3.12500	-2.93750	15.31250	15.78125	12.000	
6	-2.93750	-2.75000	15.31250	15.78125	12.000	
5	-3.50000	-3.12500	14.37500	15.31250	12.000	
6	-3.12500	-2.93750	14.84375	15.31250	12.000	
6	-2.93750	-2.75000	14.84375	15.31250	12.000	
6	-3.12500	-2.93750	14.37500	14.84375	12.000	
6	-2.93750	-2.75000	14.37500	14.84375	12.000	
7	-2.75000	-2.65625	16.01562	16.25000	11.408	
7	-2.65625	-2.56250	16.01562	16.25000	8.611	
7	-2.75000	-2.65625	15.78125	16.01562	11.598	
7	-2.65625	-2.56250	15.78125	16.01562	9.503	
7	-2.56250	-2.46875	16.01562	16.25000	6.680	
7	-2.46875	-2.37500	16.01562	16.25000	5.173	
7	-2.56250	-2.46875	15.78125	16.01562	7.073	
7	-2.46875	-2.37500	15.78125	16.01562	5.408	
7	-2.75000	-2.65625	15.54688	15.78125	11.932	
7	-2.65625	-2.56250	15.54688	15.78125	9.854	
7	-2.75000	-2.65625	15.31250	15.54688	12.000	
7	-2.65625	-2.56250	15.31250	15.54688	11.026	
7	-2.56250	-2.46875	15.54688	15.78125	7.704	
7	-2.46875	-2.37500	15.54688	15.78125	5.649	
7	-2.56250	-2.46875	15.31250	15.54688	8.187	
7	-2.46875	-2.37500	15.31250	15.54688	6.039	
7	-2.37500	-2.28125	16.01562	16.25000	4.102	
7	-2.28125	-2.18750	16.01562	16.25000	3.628	
7	-2.37500	-2.28125	15.78125	16.01562	4.207	
7	-2.28125	-2.18750	15.78125	16.01562	3.430	
7	-2.18750	-2.09375	16.01562	16.25000	3.575	
7	-2.09375	-2.00000	16.01562	16.25000	3.962	
7	-2.18750	-2.09375	15.78125	16.01562	3.173	
7	-2.09375	-2.00000	15.78125	16.01562	3.496	
7	-2.37500	-2.28125	15.54688	15.78125	4.404	
7	-2.28125	-2.18750	15.54688	15.78125	3.342	
7	-2.37500	-2.28125	15.31250	15.54688	4.586	
7	-2.28125	-2.18750	15.31250	15.54688	3.416	
7	-2.18750	-2.09375	15.54688	15.78125	2.949	
7	-2.09375	-2.00000	15.54688	15.78125	2.977	
7	-2.18750	-2.09375	15.31250	15.54688	2.753	
7	-2.09375	-2.00000	15.31250	15.54688	2.644	
7	-2.75000	-2.65625	15.07812	15.31250	12.000	
7	-2.65625	-2.56250	15.07812	15.31250	11.495	
7	-2.75000	-2.65625	14.84375	15.07812	12.000	
7	-2.65625	-2.56250	14.84375	15.07812	11.806	
7	-2.56250	-2.46875	15.07812	15.31250	8.799	
7	-2.46875	-2.37500	15.07812	15.31250	6.455	
7	-2.56250	-2.46875	14.84375	15.07812	9.595	
7	-2.46875	-2.37500	14.84375	15.07812	7.035	
7	-2.75000	-2.65625	14.60938	14.84375	12.000	
7	-2.65625	-2.56250	14.60938	14.84375	11.999	
7	-2.75000	-2.65625	14.37500	14.60938	12.000	
7	-2.65625	-2.56250	14.37500	14.60938	12.000	
7	-2.56250	-2.46875	14.60938	14.84375	10.345	
7	-2.46875	-2.37500	14.60938	14.84375	7.747	
7	-2.56250	-2.46875	14.37500	14.60938	11.180	
7	-2.46875	-2.37500	14.37500	14.60938	8.444	
7	-2.37500	-2.28125	15.07812	15.31250	4.627	
7	-2.28125	-2.18750	15.07812	15.31250	3.511	
7	-2.37500	-2.28125	14.84375	15.07812	5.176	
7	-2.28125	-2.18750	14.84375	15.07812	3.624	
7	-2.18750	-2.09375	15.07812	15.31250	2.683	
7	-2.09375	-2.00000	15.07812	15.31250	2.366	
7	-2.18750	-2.09375	14.84375	15.07812	2.679	
7	-2.09375	-2.00000	14.84375	15.07812	2.191	
7	-2.37500	-2.28125	14.60938	14.84375	5.541	
7	-2.28125	-2.18750	14.60938	14.84375	3.900	
7	-2.37500	-2.28125	14.37500	14.60938	6.290	
7	-2.28125	-2.18750	14.37500	14.60938	4.321	
7	-2.18750	-2.09375	14.60938	14.84375	2.771	
7	-2.09375	-2.00000	14.60938	14.84375	2.129	
7	-2.18750	-2.09375	14.37500	14.60938	2.942	
7	-2.09375	-2.00000	14.37500	14.60938	2.109	
5	-3.50000	-3.12500	13.43750	14.37500	12.000	
5	-3.12500	-2.75000	13.43750	14.37500	12.000	
5	-3.50000	-3.12500	12.50000	13.43750	12.000	
5	-3.12500	-2.75000	12.50000	13.43750	12.000	
7	-2.75000	-2.65625	14.14062	14.37500	12.000	
7	-2.65625	-2.56250	14.14062	14.37500	12.000	
7	-2.75000	-2.65625	13.90625	14.14062	12.000	
7	-2.65625	-2.56250	13.90625	14.14062	12.000	
7	-2.56250	-2.46875	14.14062	14.37500	11.728	
7	-2.46875	-2.37500	14.14062	14.37500	9.541	
7	-2.56250	-2.46875	13.90625	14.14062	11.989	
7	-2.46875	-2.37500	13.90625	14.14062	10.401	
6	-2.75000	-2.56250	13.43750	13.90625	12.000	
7	-2.56250	-2.46875	13.67188	13.90625	12.000	
7	-2.46875	-2.37500	13.67188	13.90625	11.140	
7	-2.56250	-2.46875	13.43750	13.67188	12.000	
7	-2.46875	-2.37500	13.43750	13.67188	11.836	
7	-2.37500	-2.28125	14.14062	14.37500	6.931	
7	-2.28125	-2.18750	14.14062	14.37500	4.709	
7	-2.37500	-2.28125	13.90625	14.14062	7.792	
7	-2.28125	-2.18750	13.90625	14.14062	5.345	
7	-2.18750	-2.09375	14.14062	14.37500	3.232	
7	-2.09375	-2.00000	14.14062	14.37500	2.233	
7	-2.18750	-2.09375	13.90625	14.14062	3.614	
7	-2.09375	-2.00000	13.90625	14.14062	2.393	
7	-2.37500	-2.28125	13.67188	13.90625	8.600	
7	-2.28125	-2.18750	13.67188	13.90625	5.962	
7	-2.37500	-2.28125	13.43750	13.67188	9.203	
7	-2.28125	-2.18750	13.43750	13.67188	6.681	
7	-2.18750	-2.09375	13.67188	13.90625	4.149	
7	-2.09375	-2.00000	13.67188	13.90625	2.691	
7	-2.18750	-2.09375	13.43750	13.67188	4.692	
7	-2.09375	-2.00000	13.43750	13.67188	3.077	
6	-2.75000	-2.56250	12.96875	13.43750	12.000	
7	-2.56250	-2.46875	13.20312	13.43750	12.000	
7	-2.46875	-2.37500	13.20312	13.43750	11.987	
7	-2.56250	-2.46875	12.96875	13.20312	12.000	
7	-2.46875	-2.37500	12.96875	13.20312	12.000	
6	-2.75000	-2.56250	12.50000	12.96875	12.000	
7	-2.56250	-2.46875	12.73438	12.96875	12.000	
7	-2.46875	-2.37500	12.73438	12.96875	12.000	
7	-2.56250	-2.46875	12.50000	12.73438	12.000	
7	-2.46875	-2.37500	12.50000	12.73438	12.000	
7	-2.37500	-2.28125	13.20312	13.43750	10.342	
7	-2.28125	-2.18750	13.20312	13.43750	7.504	
7	-2.37500	-2.28125	12.96875	13.20312	11.392	
7	-2.28125	-2.18750	12.96875	13.20312	8.500	
7	-2.18750	-2.09375	13.20312	13.43750	5.346	
7	-2.09375	-2.00000	13.20312	13.43750	3.617	
7	-2.18750	-2.09375	12.96875	13.20312	6.182	
7	-2.09375	-2.00000	12.96875	13.20312	4.078	
7	-2.37500	-2.28125	12.73438	12.96875	11.820	
7	-2.28125	-2.18750	12.73438	12.96875	9.471	
7	-2.37500	-2.28125	12.50000	12.73438	11.995	
7	-2.28125	-2.18750	12.50000	12.73438	10.453	
7	-2.18750	-2.09375	12.73438	12.96875	7.197	
7	-2.09375	-2.00000	12.73438	12.96875	4.914	
7	-2.18750	-2.09375	12.50000	12.73438	8.038	
7	-2.09375	-2.00000	12.50000	12.73438	5.542	
5	-2.00000	-1.62500	19.06250	20.00000	12.000	
5	-1.62500	-1.25000	19.06250	20.00000	12.000	
5	-2.00000	-1.62500	18.12500	19.06250	12.000	
5	-1.62500	-1.25000	18.12500	19.06250	12.000	
4	-1.25000	-0.50000	18.12500	20.00000	12.000	
7	-2.00000	-1.90625	17.89062	18.12500	12.000	
7	-1.90625	-1.81250	17.89062	18.12500	12.000	
7	-2.00000	-1.90625	17.65625	17.89062	11.903	
7	-1.90625	-1.81250	17.65625	17.89062	12.000	
6	-1.81250	-1.62500	17.65625	18.12500	12.000	
7	-2.00000	-1.90625	17.42188	17.65625	11.225	
7	-1.90625	-1.81250	17.42188	17.65625	12.000	
7	-2.00000	-1.90625	17.18750	17.42188	9.950	
7	-1.90625	-1.81250	17.18750	17.42188	11.817	
7	-1.81250	-1.71875	17.42188	17.65625	12.000	
7	-1.71875	-1.62500	17.42188	17.65625	12.000	
7	-1.81250	-1.71875	17.18750	17.42188	12.000	
7	-1.71875	-1.62500	17.18750	17.42188	12.000	
6	-1.62500	-1.43750	17.65625	18.12500	12.000	
6	-1.43750	-1.25000	17.65625	18.12500	12.000	
6	-1.62500	-1.43750	17.18750	17.65625	12.000	
6	-1.43750	-1.25000	17.18750	17.65625	12.000	
7	-2.00000	-1.90625	16.95312	17.18750	8.779	
7	-1.90625	-1.81250	16.95312	17.18750	10.857	
7	-2.00000	-1.90625	16.71875	16.95312	7.653	
7	-1.90625	-1.81250	16.71875	16.95312	9.491	
7	-1.81250	-1.71875	16.95312	17.18750	11.999	
7	-1.71875	-1.62500	16.95312	17.18750	12.000	
7	-1.81250	-1.71875	16.71875	16.95312	11.767	
7	-1.71875	-1.62500	16.71875	16.95312	12.000	
7	-2.00000	-1.90625	16.48438	16.71875	6.583	
7	-1.90625	-1.81250	16.48438	16.71875	8.493	
7	-2.00000	-1.90625	16.25000	16.48438	5.701	
7	-1.90625	-1.81250	16.25000	16.48438	7.358	
7	-1.81250	-1.71875	16.48438	16.71875	10.863	
7	-1.71875	-1.62500	16.48438	16.71875	11.986	
7	-1.81250	-1.71875	16.25000	16.48438	9.442	
7	-1.71875	-1.62500	16.25000	16.48438	11.618	
6	-1.62500	-1.43750	16.71875	17.18750	12.000	
6	-1.43750	-1.25000	16.71875	17.18750	12.000	
7	-1.62500	-1.53125	16.48438	16.71875	12.000	
7	-1.53125	-1.43750	16.48438	16.71875	12.000	
7	-1.62500	-1.53125	16.25000	16.48438	12.000	
7	-1.53125	-1.43750	16.25000	16.48438	12.000	
6	-1.43750	-1.25000	16.25000	16.71875	12.000	
4	-1.25000	-0.50000	16.25000	18.12500	12.000	
3	-0.50000	1.00000	16.25000	20.00000	12.000	
7	-2.00000	-1.90625	16.01562	16.25000	4.965	
7	-1.90625	-1.81250	16.01562	16.25000	6.340	
7	-2.00000	-1.90625	15.78125	16.01562	4.218	
7	-1.90625	-1.81250	15.78125	16.01562	5.335	
7	-1.81250	-1.71875	16.01562	16.25000	8.110	
7	-1.71875	-1.62500	16.01562	16.25000	10.527	
7	-1.81250	-1.71875	15.78125	16.01562	7.130	
7	-1.71875	-1.62500	15.78125	16.01562	9.153	
7	-2.00000	-1.90625	15.54688	15.78125	3.542	
7	-1.90625	-1.81250	15.54688	15.78125	4.689	
7	-2.00000	-1.90625	15.31250	15.54688	2.999	
7	-1.90625	-1.81250	15.31250	15.54688	3.949	
7	-1.81250	-1.71875	15.54688	15.78125	6.138	
7	-1.71875	-1.62500	15.54688	15.78125	8.166	
7	-1.81250	-1.71875	15.31250	15.54688	5.178	
7	-1.71875	-1.62500	15.31250	15.54688	7.061	
7	-1.62500	-1.53125	16.01562	16.25000	11.988	
7	-1.53125	-1.43750	16.01562	16.25000	12.000	
7	-1.62500	-1.53125	15.78125	16.01562	11.598	
7	-1.53125	-1.43750	15.78125	16.01562	12.000	
6	-1.43750	-1.25000	15.78125	16.25000	12.000	
7	-1.62500	-1.53125	15.54688	15.78125	10.463	
7	-1.53125	-1.43750	15.54688	15.78125	12.000	
7	-1.62500	-1.53125	15.31250	15.54688	9.546	
7	-1.53125	-1.43750	15.31250	15.54688	11.790	
7	-1.43750	-1.34375	15.54688	15.78125	12.000	
7	-1.34375	-1.25000	15.54688	15.78125	12.000	
7	-1.43750	-1.34375	15.31250	15.54688	12.000	
7	-1.34375	-1.25000	15.31250	15.54688	12.000	
7	-2.00000	-1.90625	15.07812	15.31250	2.586	
7	-1.90625	-1.81250	15.07812	15.31250	3.364	
7	-2.00000	-1.90625	14.84375	15.07812	2.173	
7	-1.90625	-1.81250	14.84375	15.07812	2.658	
7	-1.81250	-1.71875	15.07812	15.31250	4.461	
7	-1.71875	-1.62500	15.07812	15.31250	6.168	
7	-1.81250	-1.71875	14.84375	15.07812	3.678	
7	-1.71875	-1.62500	14.84375	15.07812	5.110	
7	-2.00000	-1.90625	14.60938	14.84375	1.935	
7	-1.90625	-1.81250	14.60938	14.84375	2.284	
7	-2.00000	-1.90625	14.37500	14.60938	1.750	
7	-1.90625	-1.81250	14.37500	14.60938	1.882	
7	-1.81250	-1.71875	14.60938	14.84375	3.091	
7	-1.71875	-1.62500	14.60938	14.84375	4.426	
7	-1.81250	-1.71875	14.37500	14.60938	2.484	
7	-1.71875	-1.62500	14.37500	14.60938	3.592	
7	-1.62500	-1.53125	15.07812	15.31250	8.424	
7	-1.53125	-1.43750	15.07812	15.31250	11.133	
7	-1.62500	-1.53125	14.84375	15.07812	7.065	
7	-1.53125	-1.43750	14.84375	15.07812	9.842	
7	-1.43750	-1.34375	15.07812	15.31250	12.000	
7	-1.34375	-1.25000	15.07812	15.31250	12.000	
7	-1.43750	-1.34375	14.84375	15.07812	11.866	
7	-1.34375	-1.25000	14.84375	15.07812	12.000	
7	-1.62500	-1.53125	14.60938	14.84375	6.177	
7	-1.53125	-1.43750	14.60938	14.84375	8.607	
7	-1.62500	-1.53125	14.37500	14.60938	5.330	
7	-1.53125	-1.43750	14.37500	14.60938	7.403	
7	-1.43750	-1.34375	14.60938	14.84375	11.001	
7	-1.34375	-1.25000	14.60938	14.84375	12.000	
7	-1.43750	-1.34375	14.37500	14.60938	10.093	
7	-1.34375	-1.25000	14.37500	14.60938	11.907	
6	-1.25000	-1.06250	15.78125	16.25000	12.000	
6	-1.06250	-0.87500	15.78125	16.25000	12.000	
6	-1.25000	-1.06250	15.31250	15.78125	12.000	
6	-1.06250	-0.87500	15.31250	15.78125	12.000	
5	-0.87500	-0.50000	15.31250	16.25000	12.000	
6	-1.25000	-1.06250	14.84375	15.31250	12.000	
6	-1.06250	-0.87500	14.84375	15.31250	12.000	
6	-1.25000	-1.06250	14.37500	14.84375	12.000	
6	-1.06250	-0.87500	14.37500	14.84375	12.000	
5	-0.87500	-0.50000	14.37500	15.31250	12.000	
7	-2.00000	-1.90625	14.14062	14.37500	1.655	
7	-1.90625	-1.81250	14.14062	14.37500	1.634	
7	-2.00000	-1.90625	13.90625	14.14062	1.658	
7	-1.90625	-1.81250	13.90625	14.14062	1.434	
7	-1.81250	-1.71875	14.14062	14.37500	2.075	
7	-1.71875	-1.62500	14.14062	14.37500	3.017	
7	-1.81250	-1.71875	13.90625	14.14062	1.738	
7	-1.71875	-1.62500	13.90625	14.14062	2.393	
7	-2.00000	-1.90625	13.67188	13.90625	1.795	
7	-1.90625	-1.81250	13.67188	13.90625	1.352	
7	-2.00000	-1.90625	13.43750	13.67188	1.963	
7	-1.90625	-1.81250	13.43750	13.67188	1.394	
7	-1.81250	-1.71875	13.67188	13.90625	1.425	
7	-1.71875	-1.62500	13.67188	13.90625	1.995	
7	-1.81250	-1.71875	13.43750	13.67188	1.250	
7	-1.71875	-1.62500	13.43750	13.67188	1.642	
7	-1.62500	-1.53125	14.14062	14.37500	4.272	
7	-1.53125	-1.43750	14.14062	14.37500	6.341	
7	-1.62500	-1.53125	13.90625	14.14062	3.722	
7	-1.53125	-1.43750	13.90625	14.14062	5.458	
7	-1.43750	-1.34375	14.14062	14.37500	8.859	
7	-1.34375	-1.25000	14.14062	14.37500	11.345	
7	-1.43750	-1.34375	13.90625	14.14062	7.626	
7	-1.34375	-1.25000	13.90625	14.14062	10.677	
7	-1.62500	-1.53125	13.67188	13.90625	2.942	
7	-1.53125	-1.43750	13.67188	13.90625	4.630	
7	-1.62500	-1.53125	13.43750	13.67188	2.518	
7	-1.53125	-1.43750	13.43750	13.67188	3.776	
7	-1.43750	-1.34375	13.67188	13.90625	6.702	
7	-1.34375	-1.25000	13.67188	13.90625	9.092	
7	-1.43750	-1.34375	13.43750	13.67188	5.759	
7	-1.34375	-1.25000	13.43750	13.67188	8.108	
7	-2.00000	-1.90625	13.20312	13.43750	2.257	
7	-1.90625	-1.81250	13.20312	13.43750	1.467	
7	-2.00000	-1.90625	12.96875	13.20312	2.601	
7	-1.90625	-1.81250	12.96875	13.20312	1.648	
7	-1.81250	-1.71875	13.20312	13.43750	1.170	
7	-1.71875	-1.62500	13.20312	13.43750	1.377	
7	-1.81250	-1.71875	12.96875	13.20312	1.187	
7	-1.71875	-1.62500	12.96875	13.20312	1.211	
7	-2.00000	-1.90625	12.73438	12.96875	3.159	
7	-1.90625	-1.81250	12.73438	12.96875	1.919	
7	-2.00000	-1.90625	12.50000	12.73438	3.782	
7	-1.90625	-1.81250	12.50000	12.73438	2.336	
7	-1.81250	-1.71875	12.73438	12.96875	1.274	
7	-1.71875	-1.62500	12.73438	12.96875	1.114	
7	-1.81250	-1.71875	12.50000	12.73438	1.464	
7	-1.71875	-1.62500	12.50000	12.73438	1.115	
7	-1.62500	-1.53125	13.20312	13.43750	2.076	
7	-1.53125	-1.43750	13.20312	13.43750	3.235	
7	-1.62500	-1.53125	12.96875	13.20312	1.678	
7	-1.53125	-1.43750	12.96875	13.20312	2.728	
7	-1.43750	-1.34375	13.20312	13.43750	4.996	
7	-1.34375	-1.25000	13.20312	13.43750	7.193	
7	-1.43750	-1.34375	12.96875	13.20312	4.326	
7	-1.34375	-1.25000	12.96875	13.20312	6.280	
7	-1.62500	-1.53125	12.73438	12.96875	1.429	
7	-1.53125	-1.43750	12.73438	12.96875	2.246	
7	-1.62500	-1.53125	12.50000	12.73438	1.266	
7	-1.53125	-1.43750	12.50000	12.73438	1.882	
7	-1.43750	-1.34375	12.73438	12.96875	3.627	
7	-1.34375	-1.25000	12.73438	12.96875	5.253	
7	-1.43750	-1.34375	12.50000	12.73438	3.062	
7	-1.34375	-1.25000	12.50000	12.73438	4.613	
7	-1.25000	-1.15625	14.14062	14.37500	12.000	
7	-1.15625	-1.06250	14.14062	14.37500	12.000	
7	-1.25000	-1.15625	13.90625	14.14062	11.984	
7	-1.15625	-1.06250	13.90625	14.14062	12.000	
6	-1.06250	-0.87500	13.90625	14.37500	12.000	
7	-1.25000	-1.15625	13.67188	13.90625	11.727	
7	-1.15625	-1.06250	13.67188	13.90625	12.000	
7	-1.25000	-1.15625	13.43750	13.67188	11.007	
7	-1.15625	-1.06250	13.43750	13.67188	12.000	
6	-1.06250	-0.87500	13.43750	13.90625	12.000	
5	-0.87500	-0.50000	13.43750	14.37500	12.000	
7	-1.25000	-1.15625	13.20312	13.43750	9.667	
7	-1.15625	-1.06250	13.20312	13.43750	11.932	
7	-1.25000	-1.15625	12.96875	13.20312	8.622	
7	-1.15625	-1.06250	12.96875	13.20312	11.427	
7	-1.06250	-0.96875	13.20312	13.43750	12.000	
7	-0.96875	-0.87500	13.20312	13.43750	12.000	
7	-1.06250	-0.96875	12.96875	13.20312	12.000	
7	-0.96875	-0.87500	12.96875	13.20312	12.000	
7	-1.25000	-1.15625	12.73438	12.96875	7.986	
7	-1.15625	-1.06250	12.73438	12.96875	10.479	
7	-1.25000	-1.15625	12.50000	12.73438	6.754	
7	-1.15625	-1.06250	12.50000	12.73438	9.427	
7	-1.06250	-0.96875	12.73438	12.96875	11.981	
7	-0.96875	-0.87500	12.73438	12.96875	12.000	
7	-1.06250	-0.96875	12.50000	12.73438	11.675	
7	-0.96875	-0.87500	12.50000	12.73438	12.000	
6	-0.87500	-0.68750	12.96875	13.43750	12.000	
6	-0.68750	-0.50000	12.96875	13.43750	12.000	
6	-0.87500	-0.68750	12.50000	12.96875	12.000	
6	-0.68750	-0.50000	12.50000	12.96875	12.000	
3	-0.50000	1.00000	12.50000	16.25000	12.000	
3	-5.00000	-3.50000	8.75000	12.50000	12.000	
4	-3.50000	-2.75000	10.62500	12.50000	12.000	
6	-2.75000	-2.56250	12.03125	12.50000	12.000	
6	-2.56250	-2.37500	12.03125	12.50000	12.000	
6	-2.75000	-2.56250	11.56250	12.03125	12.000	
6	-2.56250	-2.37500	11.56250	12.03125	12.000	
7	-2.37500	-2.28125	12.26562	12.50000	12.000	
7	-2.28125	-2.18750	12.26562	12.50000	11.531	
7	-2.37500	-2.28125	12.03125	12.26562	12.000	
7	-2.28125	-2.18750	12.03125	12.26562	11.945	
7	-2.18750	-2.09375	12.26562	12.50000	9.016	
7	-2.09375	-2.00000	12.26562	12.50000	6.539	
7	-2.18750	-2.09375	12.03125	12.26562	10.007	
7	-2.09375	-2.00000	12.03125	12.26562	7.221	
7	-2.37500	-2.28125	11.79688	12.03125	12.000	
7	-2.28125	-2.18750	11.79688	12.03125	12.000	
7	-2.37500	-2.28125	11.56250	11.79688	12.000	
7	-2.28125	-2.18750	11.56250	11.79688	12.000	
7	-2.18750	-2.09375	11.79688	12.03125	11.132	
7	-2.09375	-2.00000	11.79688	12.03125	8.408	
7	-2.18750	-2.09375	11.56250	11.79688	11.808	
7	-2.09375	-2.00000	11.56250	11.79688	9.279	
5	-2.75000	-2.37500	10.62500	11.56250	12.000	
7	-2.37500	-2.28125	11.32812	11.56250	12.000	
7	-2.28125	-2.18750	11.32812	11.56250	12.000	
7	-2.37500	-2.28125	11.09375	11.32812	12.000	
7	-2.28125	-2.18750	11.09375	11.32812	12.000	
7	-2.18750	-2.09375	11.32812	11.56250	12.000	
7	-2.09375	-2.00000	11.32812	11.56250	10.496	
7	-2.18750	-2.09375	11.09375	11.32812	12.000	
7	-2.09375	-2.00000	11.09375	11.32812	11.621	
6	-2.37500	-2.18750	10.62500	11.09375	12.000	
7	-2.18750	-2.09375	10.85938	11.09375	12.000	
7	-2.09375	-2.00000	10.85938	11.09375	11.993	
7	-2.18750	-2.09375	10.62500	10.85938	12.000	
7	-2.09375	-2.00000	10.62500	10.85938	12.000	
4	-3.50000	-2.75000	8.75000	10.62500	12.000	
4	-2.75000	-2.00000	8.75000	10.62500	12.000	
3	-5.00000	-3.50000	5.00000	8.75000	12.000	
4	-3.50000	-2.75000	6.87500	8.75000	12.000	
4	-2.75000	-2.00000	6.87500	8.75000	12.000	
4	-3.50000	-2.75000	5.00000	6.87500	12.000	
4	-2.75000	-2.00000	5.00000	6.87500	12.000	
7	-2.00000	-1.90625	12.26562	12.50000	4.361	
7	-1.90625	-1.81250	12.26562	12.50000	2.807	
7	-2.00000	-1.90625	12.03125	12.26562	5.076	
7	-1.90625	-1.81250	12.03125	12.26562	3.482	
7	-1.81250	-1.71875	12.26562	12.50000	1.767	
7	-1.71875	-1.62500	12.26562	12.50000	1.236	
7	-1.81250	-1.71875	12.03125	12.26562	2.132	
7	-1.71875	-1.62500	12.03125	12.26562	1.406	
7	-2.00000	-1.90625	11.79688	12.03125	5.924	
7	-1.90625	-1.81250	11.79688	12.03125	4.136	
7	-2.00000	-1.90625	11.56250	11.79688	6.910	
7	-1.90625	-1.81250	11.56250	11.79688	4.800	
7	-1.81250	-1.71875	11.79688	12.03125	2.586	
7	-1.71875	-1.62500	11.79688	12.03125	1.704	
7	-1.81250	-1.71875	11.56250	11.79688	3.084	
7	-1.71875	-1.62500	11.56250	11.79688	2.138	
7	-1.62500	-1.53125	12.26562	12.50000	1.152	
7	-1.53125	-1.43750	12.26562	12.50000	1.651	
7	-1.62500	-1.53125	12.03125	12.26562	1.183	
7	-1.53125	-1.43750	12.03125	12.26562	1.465	
7	-1.43750	-1.34375	12.26562	12.50000	2.559	
7	-1.34375	-1.25000	12.26562	12.50000	4.019	
7	-1.43750	-1.34375	12.03125	12.26562	2.185	
7	-1.34375	-1.25000	12.03125	12.26562	3.396	
7	-1.62500	-1.53125	11.79688	12.03125	1.282	
7	-1.53125	-1.43750	11.79688	12.03125	1.379	
7	-1.62500	-1.53125	11.56250	11.79688	1.479	
7	-1.53125	-1.43750	11.56250	11.79688	1.369	
7	-1.43750	-1.34375	11.79688	12.03125	1.903	
7	-1.34375	-1.25000	11.79688	12.03125	2.991	
7	-1.43750	-1.34375	11.56250	11.79688	1.740	
7	-1.34375	-1.25000	11.56250	11.79688	2.708	
7	-2.00000	-1.90625	11.32812	11.56250	7.713	
7	-1.90625	-1.81250	11.32812	11.56250	5.649	
7	-2.00000	-1.90625	11.09375	11.32812	8.736	
7	-1.90625	-1.81250	11.09375	11.32812	6.596	
7	-1.81250	-1.71875	11.32812	11.56250	3.822	
7	-1.71875	-1.62500	11.32812	11.56250	2.568	
7	-1.81250	-1.71875	11.09375	11.32812	4.742	
7	-1.71875	-1.62500	11.09375	11.32812	3.125	
7	-2.00000	-1.90625	10.85938	11.09375	10.344	
7	-1.90625	-1.81250	10.85938	11.09375	7.552	
7	-2.00000	-1.90625	10.62500	10.85938	11.289	
7	-1.90625	-1.81250	10.62500	10.85938	8.654	
7	-1.81250	-1.71875	10.85938	11.09375	5.455	
7	-1.71875	-1.62500	10.85938	11.09375	3.893	
7	-1.81250	-1.71875	10.62500	10.85938	6.264	
7	-1.71875	-1.62500	10.62500	10.85938	4.539	
7	-1.62500	-1.53125	11.32812	11.56250	1.729	
7	-1.53125	-1.43750	11.32812	11.56250	1.478	
7	-1.62500	-1.53125	11.09375	11.32812	2.191	
7	-1.53125	-1.43750	11.09375	11.32812	1.671	
7	-1.43750	-1.34375	11.32812	11.56250	1.696	
7	-1.34375	-1.25000	11.32812	11.56250	2.391	
7	-1.43750	-1.34375	11.09375	11.32812	1.698	
7	-1.34375	-1.25000	11.09375	11.32812	2.166	
7	-1.62500	-1.53125	10.85938	11.09375	2.610	
7	-1.53125	-1.43750	10.85938	11.09375	1.968	
7	-1.62500	-1.53125	10.62500	10.85938	3.233	
7	-1.53125	-1.43750	10.62500	10.85938	2.294	
7	-1.43750	-1.34375	10.85938	11.09375	1.798	
7	-1.34375	-1.25000	10.85938	11.09375	2.098	
7	-1.43750	-1.34375	10.62500	10.85938	1.988	
7	-1.34375	-1.25000	10.62500	10.85938	2.158	
7	-1.25000	-1.15625	12.26562	12.50000	5.994	
7	-1.15625	-1.06250	12.26562	12.50000	8.339	
7	-1.25000	-1.15625	12.03125	12.26562	5.210	
7	-1.15625	-1.06250	12.03125	12.26562	7.439	
7	-1.06250	-0.96875	12.26562	12.50000	11.253	
7	-0.96875	-0.87500	12.26562	12.50000	12.000	
7	-1.06250	-0.96875	12.03125	12.26562	10.039	
7	-0.96875	-0.87500	12.03125	12.26562	11.972	
7	-1.25000	-1.15625	11.79688	12.03125	4.431	
7	-1.15625	-1.06250	11.79688	12.03125	6.733	
7	-1.25000	-1.15625	11.56250	11.79688	4.002	
7	-1.15625	-1.06250	11.56250	11.79688	5.876	
7	-1.06250	-0.96875	11.79688	12.03125	9.178	
7	-0.96875	-0.87500	11.79688	12.03125	11.722	
7	-1.06250	-0.96875	11.56250	11.79688	8.094	
7	-0.96875	-0.87500	11.56250	11.79688	11.076	
7	-0.87500	-0.78125	12.26562	12.50000	12.000	
7	-0.78125	-0.68750	12.26562	12.50000	12.000	
7	-0.87500	-0.78125	12.03125	12.26562	12.000	
7	-0.78125	-0.68750	12.03125	12.26562	12.000	
6	-0.68750	-0.50000	12.03125	12.50000	12.000	
7	-0.87500	-0.78125	11.79688	12.03125	12.000	
7	-0.78125	-0.68750	11.79688	12.03125	12.000	
7	-0.87500	-0.78125	11.56250	11.79688	12.000	
7	-0.78125	-0.68750	11.56250	11.79688	12.000	
6	-0.68750	-0.50000	11.56250	12.03125	12.000	
7	-1.25000	-1.15625	11.32812	11.56250	3.549	
7	-1.15625	-1.06250	11.32812	11.56250	5.257	
7	-1.25000	-1.15625	11.09375	11.32812	3.197	
7	-1.15625	-1.06250	11.09375	11.32812	4.723	
7	-1.06250	-0.96875	11.32812	11.56250	7.522	
7	-0.96875	-0.87500	11.32812	11.56250	9.882	
7	-1.06250	-0.96875	11.09375	11.32812	6.781	
7	-0.96875	-0.87500	11.09375	11.32812	9.197	
7	-1.25000	-1.15625	10.85938	11.09375	2.956	
7	-1.15625	-1.06250	10.85938	11.09375	4.251	
7	-1.25000	-1.15625	10.62500	10.85938	2.782	
7	-1.15625	-1.06250	10.62500	10.85938	3.762	
7	-1.06250	-0.96875	10.85938	11.09375	5.982	
7	-0.96875	-0.87500	10.85938	11.09375	8.492	
7	-1.06250	-0.96875	10.62500	10.85938	5.545	
7	-0.96875	-0.87500	10.62500	10.85938	7.498	
7	-0.87500	-0.78125	11.32812	11.56250	11.946	
7	-0.78125	-0.68750	11.32812	11.56250	12.000	
7	-0.87500	-0.78125	11.09375	11.32812	11.640	
7	-0.78125	-0.68750	11.09375	11.32812	12.000	
6	-0.68750	-0.50000	11.09375	11.56250	12.000	
7	-0.87500	-0.78125	10.85938	11.09375	11.064	
7	-0.78125	-0.68750	10.85938	11.09375	12.000	
7	-0.87500	-0.78125	10.62500	10.85938	10.208	
7	-0.78125	-0.68750	10.62500	10.85938	11.981	
6	-0.68750	-0.50000	10.62500	11.09375	12.000	
7	-2.00000	-1.90625	10.39062	10.62500	11.915	
7	-1.90625	-1.81250	10.39062	10.62500	9.745	
7	-2.00000	-1.90625	10.15625	10.39062	12.000	
7	-1.90625	-1.81250	10.15625	10.39062	11.213	
7	-1.81250	-1.71875	10.39062	10.62500	7.427	
7	-1.71875	-1.62500	10.39062	10.62500	5.369	
7	-1.81250	-1.71875	10.15625	10.39062	8.606	
7	-1.71875	-1.62500	10.15625	10.39062	6.146	
7	-2.00000	-1.90625	9.92188	10.15625	12.000	
7	-1.90625	-1.81250	9.92188	10.15625	11.841	
7	-2.00000	-1.90625	9.68750	9.92188	12.000	
7	-1.90625	-1.81250	9.68750	9.92188	12.000	
7	-1.81250	-1.71875	9.92188	10.15625	9.881	
7	-1.71875	-1.62500	9.92188	10.15625	7.332	
7	-1.81250	-1.71875	9.68750	9.92188	10.888	
7	-1.71875	-1.62500	9.68750	9.92188	8.516	
7	-1.62500	-1.53125	10.39062	10.62500	3.903	
7	-1.53125	-1.43750	10.39062	10.62500	2.826	
7	-1.62500	-1.53125	10.15625	10.39062	4.604	
7	-1.53125	-1.43750	10.15625	10.39062	3.347	
7	-1.43750	-1.34375	10.39062	10.62500	2.284	
7	-1.34375	-1.25000	10.39062	10.62500	2.220	
7	-1.43750	-1.34375	10.15625	10.39062	2.625	
7	-1.34375	-1.25000	10.15625	10.39062	2.419	
7	-1.62500	-1.53125	9.92188	10.15625	5.411	
7	-1.53125	-1.43750	9.92188	10.15625	3.960	
7	-1.62500	-1.53125	9.68750	9.92188	6.275	
7	-1.53125	-1.43750	9.68750	9.92188	4.713	
7	-1.43750	-1.34375	9.92188	10.15625	3.101	
7	-1.34375	-1.25000	9.92188	10.15625	2.681	
7	-1.43750	-1.34375	9.68750	9.92188	3.640	
7	-1.34375	-1.25000	9.68750	9.92188	3.048	
7	-2.00000	-1.90625	9.45312	9.68750	12.000	
7	-1.90625	-1.81250	9.45312	9.68750	12.000	
7	-2.00000	-1.90625	9.21875	9.45312	12.000	
7	-1.90625	-1.81250	9.21875	9.45312	12.000	
7	-1.81250	-1.71875	9.45312	9.68750	11.728	
7	-1.71875	-1.62500	9.45312	9.68750	9.779	
7	-1.81250	-1.71875	9.21875	9.45312	12.000	
7	-1.71875	-1.62500	9.21875	9.45312	10.794	
6	-2.00000	-1.81250	8.75000	9.21875	12.000	
7	-1.81250	-1.71875	8.98438	9.21875	12.000	
7	-1.71875	-1.62500	8.98438	9.21875	11.704	
7	-1.81250	-1.71875	8.75000	8.98438	12.000	
7	-1.71875	-1.62500	8.75000	8.98438	11.995	
7	-1.62500	-1.53125	9.45312	9.68750	7.362	
7	-1.53125	-1.43750	9.45312	9.68750	5.636	
7	-1.62500	-1.53125	9.21875	9.45312	8.557	
7	-1.53125	-1.43750	9.21875	9.45312	6.565	
7	-1.43750	-1.34375	9.45312	9.68750	4.365	
7	-1.34375	-1.25000	9.45312	9.68750	3.588	
7	-1.43750	-1.34375	9.21875	9.45312	5.022	
7	-1.34375	-1.25000	9.21875	9.45312	4.108	
7	-1.62500	-1.53125	8.98438	9.21875	9.803	
7	-1.53125	-1.43750	8.98438	9.21875	7.486	
7	-1.62500	-1.53125	8.75000	8.98438	11.173	
7	-1.53125	-1.43750	8.75000	8.98438	8.512	
7	-1.43750	-1.34375	8.98438	9.21875	5.832	
7	-1.34375	-1.25000	8.98438	9.21875	4.797	
7	-1.43750	-1.34375	8.75000	8.98438	6.956	
7	-1.34375	-1.25000	8.75000	8.98438	5.519	
7	-1.25000	-1.15625	10.39062	10.62500	2.693	
7	-1.15625	-1.06250	10.39062	10.62500	3.654	
7	-1.25000	-1.15625	10.15625	10.39062	2.692	
7	-1.15625	-1.06250	10.15625	10.39062	3.466	
7	-1.06250	-0.96875	10.39062	10.62500	5.058	
7	-0.96875	-0.87500	10.39062	10.62500	6.872	
7	-1.06250	-0.96875	10.15625	10.39062	4.747	
7	-0.96875	-0.87500	10.15625	10.39062	6.519	
7	-1.25000	-1.15625	9.92188	10.15625	2.791	
7	-1.15625	-1.06250	9.92188	10.15625	3.304	
7	-1.25000	-1.15625	9.68750	9.92188	2.984	
7	-1.15625	-1.06250	9.68750	9.92188	3.408	
7	-1.06250	-0.96875	9.92188	10.15625	4.436	
7	-0.96875	-0.87500	9.92188	10.15625	6.019	
7	-1.06250	-0.96875	9.68750	9.92188	4.329	
7	-0.96875	-0.87500	9.68750	9.92188	5.719	
7	-0.87500	-0.78125	10.39062	10.62500	9.321	
7	-0.78125	-0.68750	10.39062	10.62500	11.717	
7	-0.87500	-0.78125	10.15625	10.39062	8.697	
7	-0.78125	-0.68750	10.15625	10.39062	11.220	
7	-0.68750	-0.59375	10.39062	10.62500	12.000	
7	-0.59375	-0.50000	10.39062	10.62500	12.000	
7	-0.68750	-0.59375	10.15625	10.39062	12.000	
7	-0.59375	-0.50000	10.15625	10.39062	12.000	
7	-0.87500	-0.78125	9.92188	10.15625	8.103	
7	-0.78125	-0.68750	9.92188	10.15625	10.515	
7	-0.87500	-0.78125	9.68750	9.92188	7.525	
7	-0.78125	-0.68750	9.68750	9.92188	9.721	
7	-0.68750	-0.59375	9.92188	10.15625	11.998	
7	-0.59375	-0.50000	9.92188	10.15625	12.000	
7	-0.68750	-0.59375	9.68750	9.92188	11.860	
7	-0.59375	-0.50000	9.68750	9.92188	12.000	
7	-1.25000	-1.15625	9.45312	9.68750	3.267	
7	-1.15625	-1.06250	9.45312	9.68750	3.486	
7	-1.25000	-1.15625	9.21875	9.45312	3.638	
7	-1.15625	-1.06250	9.21875	9.45312	3.651	
7	-1.06250	-0.96875	9.45312	9.68750	4.211	
7	-0.96875	-0.87500	9.45312	9.68750	5.309	
7	-1.06250	-0.96875	9.21875	9.45312	4.164	
7	-0.96875	-0.87500	9.21875	9.45312	5.174	
7	-1.25000	-1.15625	8.98438	9.21875	4.133	
7	-1.15625	-1.06250	8.98438	9.21875	3.962	
7	-1.25000	-1.15625	8.75000	8.98438	4.657	
7	-1.15625	-1.06250	8.75000	8.98438	4.369	
7	-1.06250	-0.96875	8.98438	9.21875	4.314	
7	-0.96875	-0.87500	8.98438	9.21875	5.112	
7	-1.06250	-0.96875	8.75000	8.98438	4.483	
7	-0.96875	-0.87500	8.75000	8.98438	5.128	
7	-0.87500	-0.78125	9.45312	9.68750	6.978	
7	-0.78125	-0.68750	9.45312	9.68750	9.106	
7	-0.87500	-0.78125	9.21875	9.45312	6.738	
7	-0.78125	-0.68750	9.21875	9.45312	8.706	
7	-0.68750	-0.59375	9.45312	9.68750	11.581	
7	-0.59375	-0.50000	9.45312	9.68750	12.000	
7	-0.68750	-0.59375	9.21875	9.45312	11.015	
7	-0.59375	-0.50000	9.21875	9.45312	12.000	
7	-0.87500	-0.78125	8.98438	9.21875	6.441	
7	-0.78125	-0.68750	8.98438	9.21875	8.213	
7	-0.87500	-0.78125	8.75000	8.98438	6.259	
7	-0.78125	-0.68750	8.75000	8.98438	7.944	
7	-0.68750	-0.59375	8.98438	9.21875	10.551	
7	-0.59375	-0.50000	8.98438	9.21875	11.987	
7	-0.68750	-0.59375	8.75000	8.98438	10.101	
7	-0.59375	-0.50000	8.75000	8.98438	11.849	
5	-0.50000	-0.12500	11.56250	12.50000	12.000	
5	-0.12500	0.25000	11.56250	12.50000	12.000	
5	-0.50000	-0.12500	10.62500	11.56250	12.000	
5	-0.12500	0.25000	10.62500	11.56250	12.000	
4	0.25000	1.00000	10.62500	12.50000	12.000	
6	-0.50000	-0.31250	10.15625	10.62500	12.000	
6	-0.31250	-0.12500	10.15625	10.62500	12.000	
6	-0.50000	-0.31250	9.68750	10.15625	12.000	
6	-0.31250	-0.12500	9.68750	10.15625	12.000	
5	-0.12500	0.25000	9.68750	10.62500	12.000	
7	-0.50000	-0.40625	9.45312	9.68750	12.000	
7	-0.40625	-0.31250	9.45312	9.68750	12.000	
7	-0.50000	-0.40625	9.21875	9.45312	12.000	
7	-0.40625	-0.31250	9.21875	9.45312	12.000	
6	-0.31250	-0.12500	9.21875	9.68750	12.000	
7	-0.50000	-0.40625	8.98438	9.21875	12.000	
7	-0.40625	-0.31250	8.98438	9.21875	12.000	
7	-0.50000	-0.40625	8.75000	8.98438	12.000	
7	-0.40625	-0.31250	8.75000	8.98438	12.000	
6	-0.31250	-0.12500	8.75000	9.21875	12.000	
5	-0.12500	0.25000	8.75000	9.68750	12.000	
4	0.25000	1.00000	8.75000	10.62500	12.000	
6	-2.00000	-1.81250	8.28125	8.75000	12.000	
7	-1.81250	-1.71875	8.51562	8.75000	12.000	
7	-1.71875	-1.62500	8.51562	8.75000	12.000	
7	-1.81250	-1.71875	8.28125	8.51562	12.000	
7	-1.71875	-1.62500	8.28125	8.51562	12.000	
6	-2.00000	-1.81250	7.81250	8.28125	12.000	
6	-1.81250	-1.62500	7.81250	8.28125	12.000	
7	-1.62500	-1.53125	8.51562	8.75000	11.766	
7	-1.53125	-1.43750	8.51562	8.75000	9.923	
7	-1.62500	-1.53125	8.28125	8.51562	11.999	
7	-1.53125	-1.43750	8.28125	8.51562	10.954	
7	-1.43750	-1.34375	8.51562	8.75000	7.865	
7	-1.34375	-1.25000	8.51562	8.75000	6.454	
7	-1.43750	-1.34375	8.28125	8.51562	9.012	
7	-1.34375	-1.25000	8.28125	8.51562	7.222	
7	-1.62500	-1.53125	8.04688	8.28125	12.000	
7	-1.53125	-1.43750	8.04688	8.28125	11.796	
7	-1.62500	-1.53125	7.81250	8.04688	12.000	
7	-1.53125	-1.43750	7.81250	8.04688	12.000	
7	-1.43750	-1.34375	8.04688	8.28125	10.113	
7	-1.34375	-1.25000	8.04688	8.28125	8.354	
7	-1.43750	-1.34375	7.81250	8.04688	11.396	
7	-1.34375	-1.25000	7.81250	8.04688	9.499	
5	-2.00000	-1.62500	6.87500	7.81250	12.000	
6	-1.62500	-1.43750	7.34375	7.81250	12.000	
7	-1.43750	-1.34375	7.57812	7.81250	11.950	
7	-1.34375	-1.25000	7.57812	7.81250	10.685	
7	-1.43750	-1.34375	7.34375	7.57812	12.000	
7	-1.34375	-1.25000	7.34375	7.57812	11.635	
6	-1.62500	-1.43750	6.87500	7.34375	12.000	
7	-1.43750	-1.34375	7.10938	7.34375	12.000	
7	-1.34375	-1.25000	7.10938	7.34375	12.000	
7	-1.43750	-1.34375	6.87500	7.10938	12.000	
7	-1.34375	-1.25000	6.87500	7.10938	12.000	
7	-1.25000	-1.15625	8.51562	8.75000	5.338	
7	-1.15625	-1.06250	8.51562	8.75000	4.812	
7	-1.25000	-1.15625	8.28125	8.51562	6.097	
7	-1.15625	-1.06250	8.28125	8.51562	5.372	
7	-1.06250	-0.96875	8.51562	8.75000	4.801	
7	-0.96875	-0.87500	8.51562	8.75000	5.231	
7	-1.06250	-0.96875	8.28125	8.51562	5.120	
7	-0.96875	-0.87500	8.28125	8.51562	5.441	
7	-1.25000	-1.15625	8.04688	8.28125	7.004	
7	-1.15625	-1.06250	8.04688	8.28125	6.113	
7	-1.25000	-1.15625	7.81250	8.04688	7.818	
7	-1.15625	-1.06250	7.81250	8.04688	6.785	
7	-1.06250	-0.96875	8.04688	8.28125	5.626	
7	-0.96875	-0.87500	8.04688	8.28125	5.726	
7	-1.06250	-0.96875	7.81250	8.04688	6.225	
7	-0.96875	-0.87500	7.81250	8.04688	6.109	
7	-0.87500	-0.78125	8.51562	8.75000	6.224	
7	-0.78125	-0.68750	8.51562	8.75000	7.604	
7	-0.87500	-0.78125	8.28125	8.51562	6.142	
7	-0.78125	-0.68750	8.28125	8.51562	7.492	
7	-0.68750	-0.59375	8.51562	8.75000	9.718	
7	-0.59375	-0.50000	8.51562	8.75000	11.623	
7	-0.68750	-0.59375	8.28125	8.51562	9.194	
7	-0.59375	-0.50000	8.28125	8.51562	11.368	
7	-0.87500	-0.78125	8.04688	8.28125	6.335	
7	-0.78125	-0.68750	8.04688	8.28125	7.317	
7	-0.87500	-0.78125	7.81250	8.04688	6.509	
7	-0.78125	-0.68750	7.81250	8.04688	7.409	
7	-0.68750	-0.59375	8.04688	8.28125	8.888	
7	-0.59375	-0.50000	8.04688	8.28125	10.805	
7	-0.68750	-0.59375	7.81250	8.04688	8.861	
7	-0.59375	-0.50000	7.81250	8.04688	10.759	
7	-1.25000	-1.15625	7.57812	7.81250	8.849	
7	-1.15625	-1.06250	7.57812	7.81250	7.637	
7	-1.25000	-1.15625	7.34375	7.57812	9.938	
7	-1.15625	-1.06250	7.34375	7.57812	8.554	
7	-1.06250	-0.96875	7.57812	7.81250	6.882	
7	-0.96875	-0.87500	7.57812	7.81250	6.519	
7	-1.06250	-0.96875	7.34375	7.57812	7.632	
7	-0.96875	-0.87500	7.34375	7.57812	7.203	
7	-1.25000	-1.15625	7.10938	7.34375	11.386	
7	-1.15625	-1.06250	7.10938	7.34375	9.446	
7	-1.25000	-1.15625	6.87500	7.10938	11.918	
7	-1.15625	-1.06250	6.87500	7.10938	10.568	
7	-1.06250	-0.96875	7.10938	7.34375	8.397	
7	-0.96875	-0.87500	7.10938	7.34375	7.804	
7	-1.06250	-0.96875	6.87500	7.10938	9.367	
7	-0.96875	-0.87500	6.87500	7.10938	8.543	
7	-0.87500	-0.78125	7.57812	7.81250	6.746	
7	-0.78125	-0.68750	7.57812	7.81250	7.472	
7	-0.87500	-0.78125	7.34375	7.57812	7.147	
7	-0.78125	-0.68750	7.34375	7.57812	7.734	
7	-0.68750	-0.59375	7.57812	7.81250	8.626	
7	-0.59375	-0.50000	7.57812	7.81250	10.400	
7	-0.68750	-0.59375	7.34375	7.57812	8.690	
7	-0.59375	-0.50000	7.34375	7.57812	10.356	
7	-0.87500	-0.78125	7.10938	7.34375	7.602	
7	-0.78125	-0.68750	7.10938	7.34375	7.948	
7	-0.87500	-0.78125	6.87500	7.10938	8.211	
7	-0.78125	-0.68750	6.87500	7.10938	8.333	
7	-0.68750	-0.59375	7.10938	7.34375	8.776	
7	-0.59375	-0.50000	7.10938	7.34375	10.182	
7	-0.68750	-0.59375	6.87500	7.10938	8.954	
7	-0.59375	-0.50000	6.87500	7.10938	10.093	
5	-2.00000	-1.62500	5.93750	6.87500	12.000	
5	-1.62500	-1.25000	5.93750	6.87500	12.000	
5	-2.00000	-1.62500	5.00000	5.93750	12.000	
5	-1.62500	-1.25000	5.00000	5.93750	12.000	
7	-1.25000	-1.15625	6.64062	6.87500	12.000	
7	-1.15625	-1.06250	6.64062	6.87500	11.657	
7	-1.25000	-1.15625	6.40625	6.64062	12.000	
7	-1.15625	-1.06250	6.40625	6.64062	11.998	
7	-1.06250	-0.96875	6.64062	6.87500	10.557	
7	-0.96875	-0.87500	6.64062	6.87500	9.372	
7	-1.06250	-0.96875	6.40625	6.64062	11.538	
7	-0.96875	-0.87500	6.40625	6.64062	10.327	
6	-1.25000	-1.06250	5.93750	6.40625	12.000	
7	-1.06250	-0.96875	6.17188	6.40625	11.985	
7	-0.96875	-0.87500	6.17188	6.40625	11.245	
7	-1.06250	-0.96875	5.93750	6.17188	12.000	
7	-0.96875	-0.87500	5.93750	6.17188	11.969	
7	-0.87500	-0.78125	6.64062	6.87500	8.908	
7	-0.78125	-0.68750	6.64062	6.87500	8.814	
7	-0.87500	-0.78125	6.40625	6.64062	9.519	
7	-0.78125	-0.68750	6.40625	6.64062	9.404	
7	-0.68750	-0.59375	6.64062	6.87500	9.313	
7	-0.59375	-0.50000	6.64062	6.87500	10.352	
7	-0.68750	-0.59375	6.40625	6.64062	9.708	
7	-0.59375	-0.50000	6.40625	6.64062	10.431	
7	-0.87500	-0.78125	6.17188	6.40625	10.434	
7	-0.78125	-0.68750	6.17188	6.40625	10.034	
7	-0.87500	-0.78125	5.93750	6.17188	11.418	
7	-0.78125	-0.68750	5.93750	6.17188	10.820	
7	-0.68750	-0.59375	6.17188	6.40625	10.141	
7	-0.59375	-0.50000	6.17188	6.40625	10.725	
7	-0.68750	-0.59375	5.93750	6.17188	10.731	
7	-0.59375	-0.50000	5.93750	6.17188	11.138	
6	-1.25000	-1.06250	5.46875	5.93750	12.000	
6	-1.06250	-0.87500	5.46875	5.93750	12.000	
6	-1.25000	-1.06250	5.00000	5.46875	12.000	
6	-1.06250	-0.87500	5.00000	5.46875	12.000	
7	-0.87500	-0.78125	5.70312	5.93750	11.964	
7	-0.78125	-0.68750	5.70312	5.93750	11.629	
7	-0.87500	-0.78125	5.46875	5.70312	12.000	
7	-0.78125	-0.68750	5.46875	5.70312	11.996	
7	-0.68750	-0.59375	5.70312	5.93750	11.353	
7	-0.59375	-0.50000	5.70312	5.93750	11.538	
7	-0.68750	-0.59375	5.46875	5.70312	11.924	
7	-0.59375	-0.50000	5.46875	5.70312	11.971	
6	-0.87500	-0.68750	5.00000	5.46875	12.000	
6	-0.68750	-0.50000	5.00000	5.46875	12.000	
7	-0.50000	-0.40625	8.51562	8.75000	12.000	
7	-0.40625	-0.31250	8.51562	8.75000	12.000	
7	-0.50000	-0.40625	8.28125	8.51562	12.000	
7	-0.40625	-0.31250	8.28125	8.51562	12.000	
6	-0.31250	-0.12500	8.28125	8.75000	12.000	
7	-0.50000	-0.40625	8.04688	8.28125	12.000	
7	-0.40625	-0.31250	8.04688	8.28125	12.000	
7	-0.50000	-0.40625	7.81250	8.04688	11.981	
7	-0.40625	-0.31250	7.81250	8.04688	12.000	
6	-0.31250	-0.12500	7.81250	8.28125	12.000	
5	-0.12500	0.25000	7.81250	8.75000	12.000	
7	-0.50000	-0.40625	7.57812	7.81250	11.942	
7	-0.40625	-0.31250	7.57812	7.81250	12.000	
7	-0.50000	-0.40625	7.34375	7.57812	11.854	
7	-0.40625	-0.31250	7.34375	7.57812	12.000	
6	-0.31250	-0.12500	7.34375	7.81250	12.000	
7	-0.50000	-0.40625	7.10938	7.34375	11.633	
7	-0.40625	-0.31250	7.10938	7.34375	12.000	
7	-0.50000	-0.40625	6.87500	7.10938	11.663	
7	-0.40625	-0.31250	6.87500	7.10938	12.000	
6	-0.31250	-0.12500	6.87500	7.34375	12.000	
5	-0.12500	0.25000	6.87500	7.81250	12.000	
4	0.25000	1.00000	6.87500	8.75000	12.000	
7	-0.50000	-0.40625	6.64062	6.87500	11.473	
7	-0.40625	-0.31250	6.64062	6.87500	12.000	
7	-0.50000	-0.40625	6.40625	6.64062	11.685	
7	-0.40625	-0.31250	6.40625	6.64062	12.000	
6	-0.31250	-0.12500	6.40625	6.87500	12.000	
7	-0.50000	-0.40625	6.17188	6.40625	11.708	
7	-0.40625	-0.31250	6.17188	6.40625	12.000	
7	-0.50000	-0.40625	5.93750	6.17188	11.870	
7	-0.40625	-0.31250	5.93750	6.17188	12.000	
6	-0.31250	-0.12500	5.93750	6.40625	12.000	
5	-0.12500	0.25000	5.93750	6.87500	12.000	
7	-0.50000	-0.40625	5.70312	5.93750	11.975	
7	-0.40625	-0.31250	5.70312	5.93750	12.000	
7	-0.50000	-0.40625	5.46875	5.70312	12.000	
7	-0.40625	-0.31250	5.46875	5.70312	12.000	
6	-0.31250	-0.12500	5.46875	5.93750	12.000	
6	-0.50000	-0.31250	5.00000	5.46875	12.000	
6	-0.31250	-0.12500	5.00000	5.46875	12.000	
5	-0.12500	0.25000	5.00000	5.93750	12.000	
4	0.25000	1.00000	5.00000	6.87500	12.000	
