# x 	 y 	 value
# Depth = 3, x = 1.00000 - 1.25000, y = 3.75000 - 4.00000
1.07129	3.94829	0	
1.17830	3.81125	1	
1.01964	3.91764	0	
1.20607	3.87634	0	
1.07345	3.89525	1	
1.03616	3.91419	0	
1.19713	3.86468	0	
1.16992	3.77035	1	
1.14991	3.99012	0	
1.20289	3.85353	1	
1.15103	3.75359	1	
1.16311	3.82316	1	
1.21245	3.98141	1	
1.00113	3.80569	0	
1.07057	3.77940	1	
1.16214	3.83500	0	
1.21610	3.83314	1	
1.09146	3.82778	1	
1.23433	3.81756	0	
1.17139	3.81531	0	
# Depth = 3, x = 1.25000 - 1.50000, y = 3.75000 - 4.00000
1.42887	3.97029	0	
1.31619	3.80394	0	
1.31349	3.78127	0	
1.34342	3.79615	0	
1.39051	3.77430	1	
1.43596	3.96415	0	
1.47889	3.97814	0	
1.38897	3.85771	0	
1.31593	3.87058	0	
1.47449	3.97152	1	
1.44796	3.94157	0	
1.25627	3.98359	0	
1.45877	3.76112	1	
1.36957	3.84913	0	
1.26138	3.81880	1	
1.45594	3.86669	1	
1.27003	3.81671	1	
1.36214	3.91715	0	
1.25449	3.80525	1	
1.48441	3.98549	1	
# Depth = 3, x = 1.00000 - 1.25000, y = 3.50000 - 3.75000
1.17059	3.54351	1	
1.20618	3.52332	1	
1.06485	3.51353	1	
1.01115	3.69961	0	
1.24422	3.59502	0	
1.22601	3.63004	1	
1.01796	3.59320	0	
1.22786	3.71244	0	
1.17057	3.55297	1	
1.15353	3.54531	0	
1.12586	3.65857	0	
1.23985	3.50076	0	
1.16475	3.50210	0	
1.01234	3.60559	1	
1.22967	3.63644	1	
1.01058	3.67039	1	
1.11630	3.55437	0	
1.23710	3.54641	1	
1.01598	3.66847	0	
1.24983	3.60876	1	
# Depth = 3, x = 1.25000 - 1.50000, y = 3.50000 - 3.75000
1.35409	3.65125	1	
1.40446	3.68991	1	
1.45148	3.74814	0	
1.29964	3.69029	0	
1.47205	3.71945	0	
1.34986	3.56364	0	
1.39127	3.60326	1	
1.26692	3.52385	0	
1.39908	3.56371	1	
1.32452	3.69282	1	
1.28152	3.72601	0	
1.44999	3.51917	0	
1.40910	3.58301	1	
1.47364	3.70920	0	
1.42757	3.56042	0	
1.25482	3.65921	0	
1.48287	3.63917	0	
1.35480	3.51695	1	
1.47021	3.69535	1	
1.37821	3.70755	0	
# Depth = 4, x = 1.50000 - 1.62500, y = 3.87500 - 4.00000
1.51352	3.91463	0	
1.56607	3.88487	0	
1.58280	3.91171	0	
1.61651	3.95569	0	
1.52943	3.91507	1	
1.55225	3.94000	0	
1.57645	3.97018	0	
1.58148	3.89610	1	
1.61607	3.90008	1	
1.55758	3.91055	0	
1.60395	3.97542	1	
1.58454	3.91305	0	
1.62217	3.91307	0	
1.58781	3.99416	1	
1.52852	3.87664	1	
1.57305	3.94587	1	
1.51774	3.94792	1	
1.57936	3.93656	1	
1.57670	3.99636	1	
1.58340	3.89434	0	
# Depth = 5, x = 1.62500 - 1.68750, y = 3.93750 - 4.00000
1.64428	3.94112	0	
1.64032	3.97058	0	
1.64760	3.97513	1	
1.62962	3.99737	1	
1.64017	3.95270	0	
1.67382	3.97159	0	
1.64997	3.97922	1	
1.65866	3.99877	1	
1.64933	3.93818	1	
1.64412	3.96270	0	
1.62920	3.99087	0	
1.67243	3.94480	1	
1.64410	3.98411	0	
1.67374	3.98665	0	
1.65424	3.97896	0	
1.63909	3.97464	1	
1.65032	3.96870	1	
1.67759	3.99094	0	
1.66590	3.95355	0	
1.64984	3.95145	1	
# Depth = 5, x = 1.68750 - 1.75000, y = 3.93750 - 4.00000
1.70064	3.94627	1	
1.71791	3.94819	1	
1.74352	3.98624	1	
1.70394	3.98310	0	
1.72987	3.97584	1	
1.71711	3.97558	1	
1.70575	3.98111	0	
1.70521	3.97199	1	
1.69795	3.99546	0	
1.70301	3.96084	1	
1.72756	3.97207	0	
1.72223	3.94887	0	
1.71839	3.94286	0	
1.71750	3.97567	1	
1.70280	3.99916	1	
1.71293	3.97233	1	
1.73733	3.99292	0	
1.69577	3.94382	0	
1.70047	3.94189	0	
1.73747	3.95741	0	
# Depth = 5, x = 1.62500 - 1.68750, y = 3.87500 - 3.93750
1.62561	3.91851	0	
1.66633	3.90469	0	
1.67427	3.88912	0	
1.63573	3.93667	1	
1.66989	3.90860	1	
1.66399	3.93547	0	
1.64009	3.88506	1	
1.66853	3.87539	0	
1.63095	3.92191	1	
1.66410	3.89787	1	
1.67201	3.90633	1	
1.67014	3.93205	1	
1.64572	3.92015	1	
1.64522	3.90641	0	
1.63524	3.88389	1	
1.64872	3.91381	0	
1.63717	3.91395	0	
1.67069	3.93167	0	
1.63721	3.93116	0	
1.64431	3.88318	0	
# Depth = 5, x = 1.68750 - 1.75000, y = 3.87500 - 3.93750
1.71246	3.90296	0	
1.68898	3.91313	0	
1.72900	3.90519	1	
1.69022	3.90226	0	
1.71140	3.93366	0	
1.73521	3.90661	1	
1.72985	3.92117	0	
1.74920	3.93700	0	
1.72680	3.89660	1	
1.71777	3.88079	1	
1.74528	3.91356	0	
1.72803	3.93246	1	
1.74173	3.92908	0	
1.72453	3.90979	0	
1.72776	3.88072	1	
1.70249	3.89704	0	
1.73974	3.89683	1	
1.70589	3.90469	1	
1.70392	3.91544	1	
1.73500	3.89225	1	
# Depth = 4, x = 1.50000 - 1.62500, y = 3.75000 - 3.87500
1.61376	3.80634	0	
1.58351	3.85222	1	
1.53479	3.85079	0	
1.55286	3.77562	1	
1.50811	3.78789	1	
1.51934	3.83769	1	
1.53203	3.77248	1	
1.52507	3.78588	0	
1.61303	3.84700	1	
1.52964	3.78383	0	
1.54924	3.79991	1	
1.59596	3.75377	0	
1.52570	3.79701	1	
1.56533	3.84555	1	
1.59237	3.82845	0	
1.61192	3.75606	0	
1.56579	3.79823	1	
1.54809	3.85985	0	
1.51162	3.82430	0	
1.53450	3.78727	0	
# Depth = 5, x = 1.62500 - 1.68750, y = 3.81250 - 3.87500
1.66892	3.83372	1	
1.64533	3.81702	1	
1.63757	3.82932	1	
1.66465	3.81480	1	
1.65767	3.84841	1	
1.64115	3.86390	0	
1.65972	3.82292	1	
1.64416	3.84232	0	
1.67173	3.81840	0	
1.64614	3.83604	1	
1.63279	3.84020	1	
1.68361	3.85238	0	
1.65255	3.81482	1	
1.67300	3.85849	0	
1.63121	3.87473	0	
1.64681	3.85596	0	
1.65141	3.83696	1	
1.64171	3.82786	0	
1.64736	3.82035	1	
1.66270	3.81653	0	
# Depth = 5, x = 1.68750 - 1.75000, y = 3.81250 - 3.87500
1.73575	3.84685	0	
1.69308	3.83589	0	
1.71943	3.82205	1	
1.70084	3.86479	1	
1.68895	3.81683	1	
1.70996	3.87394	1	
1.70970	3.81546	0	
1.71175	3.86822	1	
1.72437	3.86141	0	
1.70086	3.82312	1	
1.71969	3.85307	1	
1.74522	3.82205	1	
1.70832	3.85526	0	
1.68903	3.81408	1	
1.70879	3.86527	0	
1.72793	3.84783	0	
1.71985	3.85487	0	
1.73237	3.87361	1	
1.73750	3.82255	1	
1.73266	3.86470	1	
# Depth = 5, x = 1.62500 - 1.68750, y = 3.75000 - 3.81250
1.67467	3.79948	1	
1.68303	3.76766	1	
1.63072	3.77390	1	
1.64309	3.80175	1	
1.65578	3.79702	0	
1.63250	3.76120	0	
1.68428	3.77425	1	
1.67589	3.79023	0	
1.62516	3.78110	1	
1.63820	3.78402	0	
1.65311	3.77989	1	
1.65938	3.78944	0	
1.67222	3.76828	1	
1.67035	3.79805	0	
1.65609	3.77098	1	
1.64084	3.75535	0	
1.66214	3.77558	1	
1.66838	3.76491	1	
1.66452	3.75828	0	
1.64926	3.76682	1	
# Depth = 5, x = 1.68750 - 1.75000, y = 3.75000 - 3.81250
1.69000	3.79256	1	
1.69607	3.75023	1	
1.72371	3.80438	1	
1.69868	3.75001	1	
1.72967	3.80392	0	
1.71296	3.75453	0	
1.71813	3.79048	1	
1.70855	3.75118	0	
1.74032	3.80806	0	
1.69264	3.77303	1	
1.73744	3.75376	0	
1.70145	3.76841	1	
1.71560	3.77364	0	
1.72545	3.77153	1	
1.70348	3.76258	1	
1.71508	3.78013	0	
1.73016	3.80125	1	
1.69895	3.79106	0	
1.68763	3.79900	1	
1.74329	3.80321	0	
# Depth = 6, x = 1.75000 - 1.78125, y = 3.96875 - 4.00000
1.75782	3.99906	0	
1.76233	3.99091	0	
1.75145	3.96944	0	
1.75898	3.97580	0	
1.77907	3.97876	0	
1.75164	3.98419	1	
1.77176	3.99683	0	
1.76805	3.99420	1	
1.75064	3.99412	1	
1.75364	3.97441	1	
1.76398	3.99550	1	
1.75257	3.97190	0	
1.75284	3.99661	0	
1.75920	3.98445	0	
1.76406	3.97443	0	
1.76299	3.98993	0	
1.77795	3.97025	1	
1.75236	3.97794	0	
1.76699	3.98244	0	
1.77286	3.98410	1	
# Depth = 6, x = 1.78125 - 1.81250, y = 3.96875 - 4.00000
1.81064	3.98691	0	
1.80105	3.97941	0	
1.81204	3.99364	0	
1.79700	3.99862	0	
1.78232	3.96999	1	
1.79679	3.97197	0	
1.80588	3.97194	1	
1.81076	3.97850	0	
1.78602	3.99254	1	
1.79734	3.98495	1	
1.80156	3.97763	0	
1.79448	3.99749	1	
1.78338	3.98261	0	
1.80390	3.97735	0	
1.78295	3.97408	0	
1.79245	3.99981	0	
1.80679	3.97411	1	
1.79680	3.98431	1	
1.80867	3.97789	1	
1.80516	3.97446	0	
# Depth = 6, x = 1.75000 - 1.78125, y = 3.93750 - 3.96875
1.75719	3.95956	0	
1.76782	3.95987	1	
1.77170	3.94024	0	
1.77854	3.94855	1	
1.77372	3.93840	0	
1.77177	3.95570	0	
1.75401	3.94864	0	
1.77597	3.94586	0	
1.76824	3.94909	0	
1.76160	3.94320	1	
1.77538	3.95025	0	
1.75517	3.96612	0	
1.75390	3.93932	0	
1.76015	3.94762	0	
1.76559	3.94565	1	
1.75325	3.96647	0	
1.77289	3.94034	1	
1.76742	3.96023	0	
1.77108	3.95713	0	
1.77345	3.96667	0	
# Depth = 6, x = 1.78125 - 1.81250, y = 3.93750 - 3.96875
1.79093	3.93991	0	
1.78977	3.95505	0	
1.80749	3.95335	0	
1.78145	3.94106	1	
1.80780	3.94390	0	
1.78781	3.94638	1	
1.81229	3.94900	0	
1.79055	3.95503	1	
1.79168	3.96219	0	
1.78763	3.95807	1	
1.79507	3.94094	1	
1.80439	3.94136	0	
1.80639	3.93816	1	
1.79036	3.95179	0	
1.80240	3.94662	0	
1.79298	3.95036	0	
1.78529	3.95554	1	
1.78548	3.96294	0	
1.79696	3.94282	1	
1.79140	3.93864	1	
# Depth = 6, x = 1.81250 - 1.84375, y = 3.96875 - 4.00000
1.83422	3.98128	1	
1.83692	3.99820	0	
1.82506	3.98402	1	
1.83690	3.97193	0	
1.82044	3.99509	0	
1.83017	3.98518	1	
1.82264	3.98310	1	
1.82220	3.99375	1	
1.83082	3.97834	0	
1.84288	3.99428	1	
1.84265	3.98564	0	
1.83600	3.98818	1	
1.83620	3.97946	0	
1.81891	3.97465	0	
1.83595	3.97146	0	
1.83039	3.98091	0	
1.82856	3.98419	0	
1.82295	3.98274	0	
1.81666	3.99496	0	
1.83212	3.97014	1	
# Depth = 6, x = 1.84375 - 1.87500, y = 3.96875 - 4.00000
1.85068	3.96974	1	
1.84977	3.96977	1	
1.86235	3.97001	1	
1.85445	3.97767	0	
1.85436	3.97788	1	
1.86196	3.99234	1	
1.86413	3.99432	1	
1.85368	3.99219	0	
1.87271	3.98750	1	
1.87148	3.97150	1	
1.85063	3.97633	1	
1.85716	3.97280	1	
1.86021	3.96889	0	
1.86369	3.99365	1	
1.86829	3.97437	0	
1.86490	3.97071	0	
1.84460	3.99652	0	
1.86269	3.98462	1	
1.85511	3.99733	0	
1.86175	3.97287	1	
# Depth = 6, x = 1.81250 - 1.84375, y = 3.93750 - 3.96875
1.82024	3.96400	1	
1.82435	3.93881	1	
1.82845	3.94695	1	
1.83273	3.95658	0	
1.83086	3.96802	0	
1.82199	3.94466	1	
1.84105	3.96058	1	
1.83451	3.95331	1	
1.81572	3.96033	1	
1.83553	3.95477	0	
1.81808	3.95890	0	
1.82651	3.96485	0	
1.83391	3.94759	1	
1.81452	3.96169	0	
1.83106	3.95021	0	
1.81674	3.96855	0	
1.82944	3.96096	0	
1.82534	3.96043	0	
1.83125	3.94792	1	
1.84184	3.94774	0	
# Depth = 6, x = 1.84375 - 1.87500, y = 3.93750 - 3.96875
1.86175	3.95956	0	
1.84661	3.95220	0	
1.84693	3.95405	0	
1.84869	3.94682	1	
1.85086	3.93854	1	
1.84501	3.94475	1	
1.86605	3.95804	1	
1.85437	3.94816	0	
1.85860	3.95326	0	
1.85416	3.95364	1	
1.86814	3.95701	1	
1.85280	3.95294	0	
1.86110	3.94997	1	
1.84561	3.96474	0	
1.84797	3.95689	1	
1.85093	3.94651	1	
1.84614	3.94004	1	
1.85977	3.94173	0	
1.85488	3.95247	1	
1.85621	3.95261	0	
# Depth = 6, x = 1.75000 - 1.78125, y = 3.90625 - 3.93750
1.77137	3.91582	0	
1.75059	3.92180	0	
1.75121	3.91342	1	
1.75409	3.93347	1	
1.75311	3.90926	1	
1.78052	3.91838	1	
1.77095	3.92109	0	
1.75852	3.91609	0	
1.76991	3.93578	0	
1.77470	3.93617	0	
1.77726	3.90869	0	
1.77599	3.92554	1	
1.76468	3.90893	1	
1.77960	3.92615	1	
1.75278	3.91273	0	
1.77338	3.92331	0	
1.75934	3.90689	0	
1.77486	3.92931	0	
1.75809	3.93510	0	
1.77712	3.92133	1	
# Depth = 6, x = 1.78125 - 1.81250, y = 3.90625 - 3.93750
1.78383	3.92532	0	
1.81111	3.91032	1	
1.80208	3.90988	1	
1.81077	3.93000	1	
1.81072	3.90930	0	
1.79961	3.92011	1	
1.78140	3.92848	1	
1.81014	3.92926	1	
1.79734	3.91709	1	
1.79732	3.92838	0	
1.78242	3.93250	1	
1.80405	3.93544	0	
1.78913	3.93414	1	
1.79681	3.91406	0	
1.81226	3.90936	0	
1.80284	3.91136	1	
1.79859	3.91550	0	
1.80304	3.93266	0	
1.79598	3.90654	0	
1.80919	3.93361	0	
# Depth = 6, x = 1.75000 - 1.78125, y = 3.87500 - 3.90625
1.76368	3.89058	0	
1.76927	3.88512	0	
1.77323	3.89098	1	
1.75691	3.89260	1	
1.76627	3.88835	0	
1.77534	3.88212	0	
1.76155	3.88511	1	
1.77169	3.90367	1	
1.75060	3.89772	0	
1.75539	3.88852	1	
1.75879	3.88534	0	
1.75331	3.87611	0	
1.76007	3.89608	1	
1.77327	3.88361	1	
1.77557	3.89875	0	
1.77506	3.89371	0	
1.77481	3.88674	1	
1.75199	3.90345	0	
1.78014	3.90209	0	
1.76852	3.89137	0	
# Depth = 6, x = 1.78125 - 1.81250, y = 3.87500 - 3.90625
1.78521	3.87788	1	
1.78563	3.88938	1	
1.80765	3.89767	1	
1.78916	3.90535	1	
1.78582	3.89465	0	
1.79700	3.88637	1	
1.80181	3.89638	0	
1.78610	3.89706	1	
1.79433	3.87698	0	
1.80618	3.90479	0	
1.80516	3.89036	0	
1.79446	3.87781	1	
1.80016	3.89348	0	
1.80566	3.88461	0	
1.78374	3.89001	1	
1.79340	3.88085	0	
1.80807	3.87782	1	
1.80243	3.89390	1	
1.79829	3.90191	1	
1.79560	3.90316	1	
# Depth = 6, x = 1.81250 - 1.84375, y = 3.90625 - 3.93750
1.83972	3.93632	1	
1.83460	3.90658	0	
1.82617	3.90804	1	
1.81864	3.91988	1	
1.82941	3.92357	1	
1.82313	3.91768	1	
1.81567	3.93745	0	
1.84055	3.92554	1	
1.83002	3.91434	1	
1.83828	3.93076	1	
1.81503	3.92080	0	
1.83027	3.92085	1	
1.84181	3.92799	0	
1.82617	3.93711	1	
1.82703	3.90832	0	
1.83661	3.92192	0	
1.83045	3.91725	0	
1.83418	3.90783	1	
1.83082	3.93448	0	
1.83323	3.91915	1	
# Depth = 6, x = 1.84375 - 1.87500, y = 3.90625 - 3.93750
1.86762	3.91118	1	
1.85164	3.91693	1	
1.86641	3.92043	0	
1.86574	3.93373	0	
1.85097	3.93458	1	
1.87476	3.91447	1	
1.86697	3.90860	0	
1.86640	3.91895	1	
1.85626	3.91595	1	
1.84668	3.90793	1	
1.86665	3.91837	0	
1.87054	3.90918	1	
1.86117	3.91273	1	
1.86471	3.91822	0	
1.85026	3.92456	0	
1.86928	3.92691	0	
1.84748	3.91990	1	
1.86294	3.92089	1	
1.85590	3.90998	0	
1.87314	3.92739	1	
# Depth = 6, x = 1.81250 - 1.84375, y = 3.87500 - 3.90625
1.82537	3.88932	1	
1.81439	3.90169	0	
1.82168	3.89698	0	
1.83152	3.88158	1	
1.83529	3.88636	0	
1.82133	3.90162	1	
1.83776	3.88785	0	
1.81476	3.88310	1	
1.81800	3.88272	0	
1.84306	3.89332	0	
1.81731	3.88145	0	
1.82199	3.90310	1	
1.83225	3.88004	0	
1.81609	3.88312	0	
1.81376	3.89904	1	
1.81498	3.90027	0	
1.83978	3.90292	1	
1.81591	3.88880	1	
1.81317	3.90027	1	
1.82185	3.88296	0	
# Depth = 6, x = 1.84375 - 1.87500, y = 3.87500 - 3.90625
1.87210	3.89207	1	
1.84525	3.87580	1	
1.85957	3.87761	1	
1.87068	3.90349	1	
1.85346	3.89921	1	
1.86384	3.87875	0	
1.86494	3.88037	0	
1.87159	3.89692	1	
1.84585	3.88790	0	
1.84434	3.90222	1	
1.86587	3.89418	1	
1.85931	3.90075	1	
1.86446	3.88507	1	
1.87258	3.90314	1	
1.85652	3.90117	0	
1.84922	3.88558	1	
1.85819	3.89331	0	
1.86715	3.90153	1	
1.85819	3.88337	0	
1.86952	3.90035	0	
# Depth = 5, x = 1.87500 - 1.93750, y = 3.93750 - 4.00000
1.91437	3.96256	0	
1.89905	3.97649	1	
1.88176	3.94748	1	
1.87846	3.97118	0	
1.88974	3.97177	1	
1.89011	3.98301	0	
1.93606	3.97578	1	
1.90732	3.99769	0	
1.88441	3.94820	1	
1.92362	3.95100	1	
1.88063	3.99608	1	
1.91458	3.99551	1	
1.92944	3.99762	1	
1.90225	3.93981	0	
1.90559	3.93969	1	
1.90019	3.97778	0	
1.93078	3.97737	0	
1.93653	3.98425	0	
1.89136	3.95766	0	
1.90014	3.95790	0	
# Depth = 6, x = 1.93750 - 1.96875, y = 3.96875 - 4.00000
1.94655	3.97768	1	
1.96386	3.99033	0	
1.95678	3.98861	0	
1.95446	3.98403	1	
1.95852	3.97348	1	
1.96715	3.97461	0	
1.93820	3.99236	0	
1.94817	3.97660	1	
1.96794	3.97871	0	
1.94409	3.96910	1	
1.95672	3.99101	0	
1.96835	3.96971	0	
1.96440	3.97409	0	
1.95772	3.98907	1	
1.95934	3.99445	0	
1.96343	3.99963	0	
1.95353	3.98017	1	
1.94408	3.97407	0	
1.94329	3.97942	0	
1.95131	3.98917	0	
# Depth = 6, x = 1.96875 - 2.00000, y = 3.96875 - 4.00000
1.98804	3.97209	1	
1.99672	3.97882	0	
1.98277	3.99102	1	
1.99172	3.97849	1	
1.97900	3.97524	1	
1.99973	3.98251	1	
1.97015	3.99527	1	
1.98257	3.98795	1	
1.99816	3.98542	1	
1.99782	3.97648	0	
1.96893	3.97468	0	
1.99246	3.99751	1	
1.96963	3.99436	1	
1.97538	3.97480	1	
1.98411	3.97301	0	
1.99470	3.98189	1	
1.97160	3.97189	0	
1.97395	3.99221	0	
1.99638	3.97279	0	
1.97168	3.99024	0	
# Depth = 6, x = 1.93750 - 1.96875, y = 3.93750 - 3.96875
1.93864	3.94738	1	
1.94930	3.96604	0	
1.94421	3.94420	1	
1.96360	3.94894	1	
1.94457	3.96804	0	
1.94021	3.96259	1	
1.95711	3.95642	0	
1.93867	3.96201	0	
1.94041	3.93773	1	
1.94733	3.94890	0	
1.94385	3.96054	1	
1.93891	3.94354	0	
1.96551	3.94826	1	
1.95878	3.96239	1	
1.96773	3.96548	0	
1.93807	3.95619	1	
1.94287	3.95265	1	
1.95091	3.93882	0	
1.94771	3.95316	1	
1.96323	3.94516	1	
# Depth = 6, x = 1.96875 - 2.00000, y = 3.93750 - 3.96875
1.99204	3.95207	1	
1.97169	3.94201	1	
1.97363	3.94562	0	
1.96998	3.94698	0	
1.99531	3.95063	0	
1.99081	3.95765	0	
1.99063	3.93796	0	
1.99368	3.95965	0	
1.97064	3.96406	1	
1.97500	3.96855	1	
1.97682	3.96712	1	
1.97679	3.96672	1	
1.99005	3.96614	1	
1.97866	3.94639	1	
1.98958	3.94299	1	
1.99248	3.95584	0	
1.98196	3.94536	0	
1.99570	3.96737	1	
1.98108	3.94721	1	
1.96880	3.96069	1	
# Depth = 6, x = 1.87500 - 1.90625, y = 3.90625 - 3.93750
1.88120	3.93010	1	
1.89212	3.92299	1	
1.87834	3.92579	0	
1.88700	3.92861	0	
1.90463	3.91123	1	
1.87829	3.91998	0	
1.87574	3.91426	1	
1.89858	3.92097	0	
1.88356	3.91345	0	
1.89544	3.90702	0	
1.88602	3.93150	1	
1.88606	3.91400	0	
1.88351	3.92561	0	
1.90047	3.92960	0	
1.88353	3.91268	0	
1.89263	3.92695	1	
1.88293	3.91348	0	
1.88477	3.92461	1	
1.90020	3.92405	0	
1.88331	3.92079	0	
# Depth = 6, x = 1.90625 - 1.93750, y = 3.90625 - 3.93750
1.91218	3.93179	1	
1.93705	3.92313	0	
1.91791	3.92037	1	
1.91951	3.92805	0	
1.90783	3.90915	1	
1.90993	3.91822	1	
1.90978	3.92737	1	
1.92077	3.93272	0	
1.92290	3.92669	1	
1.91207	3.91441	1	
1.91939	3.92025	0	
1.93163	3.90953	1	
1.92981	3.92595	1	
1.92055	3.91008	1	
1.91849	3.93285	0	
1.90726	3.92283	0	
1.92750	3.90670	1	
1.92366	3.92716	0	
1.92602	3.92231	0	
1.93246	3.92803	1	
# Depth = 6, x = 1.87500 - 1.90625, y = 3.87500 - 3.90625
1.89189	3.88313	0	
1.89883	3.87869	0	
1.87789	3.88630	1	
1.88812	3.89551	0	
1.89551	3.88644	1	
1.87835	3.89550	0	
1.90572	3.87608	0	
1.89252	3.89962	0	
1.87964	3.88333	0	
1.89111	3.87605	0	
1.90505	3.88026	0	
1.88422	3.88760	0	
1.88603	3.89146	1	
1.89686	3.89055	0	
1.88372	3.89779	0	
1.89379	3.89127	1	
1.90431	3.89910	1	
1.87936	3.88091	0	
1.88086	3.87915	0	
1.88822	3.87941	1	
# Depth = 6, x = 1.90625 - 1.93750, y = 3.87500 - 3.90625
1.90681	3.90437	1	
1.92975	3.89192	0	
1.91390	3.88838	0	
1.93507	3.90034	1	
1.90789	3.87838	1	
1.93009	3.88001	0	
1.93697	3.88126	1	
1.90966	3.87805	0	
1.92346	3.87574	1	
1.93199	3.89714	0	
1.93569	3.88959	0	
1.91562	3.89464	1	
1.92580	3.88321	1	
1.92528	3.90614	1	
1.91942	3.88894	1	
1.91124	3.90487	0	
1.92510	3.88006	1	
1.93156	3.87939	1	
1.93117	3.88867	0	
1.93135	3.87993	1	
# Depth = 6, x = 1.93750 - 1.96875, y = 3.90625 - 3.93750
1.94865	3.93365	1	
1.96273	3.92136	0	
1.94164	3.91699	1	
1.96652	3.92903	0	
1.95425	3.91087	0	
1.95980	3.92242	0	
1.96465	3.90719	1	
1.93955	3.92712	0	
1.95609	3.91304	1	
1.94191	3.91173	0	
1.96394	3.90661	1	
1.94635	3.92025	0	
1.96814	3.91197	1	
1.94192	3.92284	0	
1.95323	3.93242	1	
1.96411	3.92818	0	
1.95478	3.92028	0	
1.95112	3.92119	1	
1.96818	3.92704	1	
1.94958	3.92531	1	
# Depth = 6, x = 1.96875 - 2.00000, y = 3.90625 - 3.93750
1.99458	3.92708	1	
1.97693	3.92490	0	
1.99333	3.92612	1	
1.99586	3.92562	0	
1.99788	3.92842	0	
1.97410	3.93134	0	
1.98372	3.90884	0	
1.98272	3.91017	1	
1.97259	3.93082	1	
1.98967	3.91935	0	
1.98816	3.91455	1	
1.98538	3.91250	0	
1.98205	3.92751	1	
1.96901	3.93135	1	
1.98426	3.93410	1	
1.99681	3.93127	1	
1.96964	3.90692	1	
1.98293	3.91211	0	
1.98685	3.92292	1	
1.97481	3.93150	0	
# Depth = 6, x = 1.93750 - 1.96875, y = 3.87500 - 3.90625
1.96176	3.89108	0	
1.94531	3.88536	0	
1.94752	3.89839	0	
1.94267	3.90292	0	
1.94181	3.87706	0	
1.95637	3.90351	1	
1.94808	3.87729	1	
1.94317	3.89726	0	
1.95422	3.88152	0	
1.95426	3.88682	0	
1.94330	3.88103	1	
1.93979	3.88572	1	
1.94192	3.89107	1	
1.95853	3.90093	0	
1.96570	3.89668	1	
1.94685	3.88718	0	
1.96639	3.88058	0	
1.95763	3.90379	0	
1.94947	3.88096	1	
1.95502	3.88780	0	
# Depth = 6, x = 1.96875 - 2.00000, y = 3.87500 - 3.90625
1.96975	3.88324	1	
1.99115	3.88291	1	
1.99427	3.90217	0	
1.96878	3.89593	0	
1.99972	3.88588	1	
1.97309	3.89540	1	
1.98840	3.89148	1	
1.97900	3.87698	0	
1.98373	3.90541	0	
1.97474	3.90324	1	
1.97773	3.90176	1	
1.99620	3.89074	1	
1.97674	3.87963	1	
1.97882	3.87600	1	
1.96902	3.89154	0	
1.98805	3.90497	0	
1.98250	3.88925	0	
1.97983	3.88224	0	
1.99660	3.90023	0	
1.97616	3.89986	1	
# Depth = 6, x = 1.75000 - 1.78125, y = 3.84375 - 3.87500
1.77696	3.87327	1	
1.77548	3.87280	1	
1.76518	3.87230	1	
1.76152	3.86485	0	
1.77051	3.85070	0	
1.77203	3.86195	0	
1.75498	3.85193	1	
1.75097	3.84855	0	
1.76530	3.86862	0	
1.75644	3.86985	1	
1.76023	3.84837	1	
1.77920	3.86523	0	
1.75763	3.86735	1	
1.76576	3.85220	1	
1.77745	3.85522	1	
1.76195	3.85487	1	
1.76964	3.84608	1	
1.75583	3.87424	0	
1.75853	3.87001	1	
1.75324	3.86979	1	
# Depth = 6, x = 1.78125 - 1.81250, y = 3.84375 - 3.87500
1.78485	3.84915	0	
1.79357	3.84418	1	
1.80656	3.85449	1	
1.79221	3.85138	1	
1.78221	3.84683	1	
1.78203	3.85671	0	
1.80716	3.84932	0	
1.78157	3.86972	1	
1.81044	3.86825	0	
1.80470	3.84727	0	
1.78428	3.84672	1	
1.78788	3.84832	0	
1.78757	3.84448	1	
1.80469	3.86205	0	
1.79719	3.85936	0	
1.78541	3.86796	1	
1.78766	3.86242	1	
1.78618	3.84681	0	
1.80925	3.85305	1	
1.80793	3.85435	1	
# Depth = 6, x = 1.75000 - 1.78125, y = 3.81250 - 3.84375
1.76951	3.83781	1	
1.77800	3.83232	0	
1.75490	3.84311	0	
1.75984	3.82427	1	
1.76662	3.81952	0	
1.76643	3.82877	0	
1.76398	3.83577	1	
1.76343	3.82769	0	
1.75857	3.84294	1	
1.77207	3.83205	0	
1.76008	3.82475	1	
1.75439	3.83722	0	
1.75616	3.82281	0	
1.76898	3.82708	1	
1.77746	3.83131	1	
1.75164	3.81811	0	
1.77374	3.82317	0	
1.77330	3.82469	0	
1.75153	3.82655	1	
1.77586	3.82680	0	
# Depth = 6, x = 1.78125 - 1.81250, y = 3.81250 - 3.84375
1.78199	3.82591	0	
1.80717	3.83624	0	
1.78781	3.83531	0	
1.78636	3.82440	1	
1.78514	3.82029	1	
1.79270	3.82237	0	
1.80195	3.81316	1	
1.79438	3.83769	1	
1.80890	3.83811	1	
1.79201	3.84009	1	
1.81037	3.81341	1	
1.79401	3.81409	0	
1.79794	3.83660	1	
1.81087	3.83131	1	
1.79495	3.81745	1	
1.80336	3.81776	0	
1.79437	3.82093	0	
1.79765	3.84006	1	
1.79702	3.83739	1	
1.79163	3.83047	0	
# Depth = 6, x = 1.81250 - 1.84375, y = 3.84375 - 3.87500
1.82904	3.85591	0	
1.83768	3.86920	0	
1.82228	3.84547	0	
1.84083	3.86958	1	
1.82605	3.85248	0	
1.83872	3.86138	0	
1.82053	3.86857	0	
1.83249	3.84603	0	
1.83643	3.85750	1	
1.82385	3.85813	0	
1.81456	3.85745	1	
1.82055	3.86033	0	
1.81787	3.85766	0	
1.82957	3.87391	0	
1.82412	3.86380	1	
1.83033	3.85629	0	
1.83588	3.86215	0	
1.82189	3.85600	0	
1.82307	3.86413	0	
1.84253	3.85302	1	
# Depth = 6, x = 1.84375 - 1.87500, y = 3.84375 - 3.87500
1.87040	3.85720	1	
1.85818	3.85398	0	
1.86898	3.86033	1	
1.86607	3.87475	0	
1.85586	3.86299	1	
1.84820	3.85656	1	
1.85725	3.86034	0	
1.84718	3.84509	0	
1.85549	3.86785	1	
1.87480	3.86933	0	
1.84474	3.84621	1	
1.84465	3.84703	0	
1.84552	3.86321	1	
1.85559	3.87204	0	
1.85622	3.84737	0	
1.86619	3.85266	1	
1.85637	3.84886	1	
1.86465	3.84792	0	
1.86145	3.84658	0	
1.84458	3.85086	0	
# Depth = 6, x = 1.81250 - 1.84375, y = 3.81250 - 3.84375
1.81451	3.83813	1	
1.83895	3.83686	0	
1.82434	3.81305	0	
1.82583	3.81968	0	
1.82309	3.82315	0	
1.81952	3.82468	0	
1.83466	3.81563	1	
1.82772	3.81251	1	
1.82332	3.83535	0	
1.84011	3.84015	1	
1.84302	3.83303	1	
1.81416	3.83841	0	
1.81645	3.81679	1	
1.81398	3.81442	1	
1.84242	3.83021	1	
1.83662	3.83953	0	
1.82708	3.81675	0	
1.82648	3.83441	0	
1.83461	3.82781	1	
1.81440	3.83226	0	
# Depth = 6, x = 1.84375 - 1.87500, y = 3.81250 - 3.84375
1.87074	3.82353	0	
1.84954	3.82345	1	
1.86957	3.81761	0	
1.86154	3.81265	1	
1.85737	3.81252	0	
1.86100	3.82188	1	
1.85485	3.82445	1	
1.86486	3.82135	0	
1.86318	3.84368	0	
1.84965	3.83598	1	
1.84900	3.82946	0	
1.84692	3.81711	0	
1.85383	3.83831	0	
1.85629	3.84300	0	
1.87389	3.83270	0	
1.86217	3.83768	1	
1.85941	3.82753	1	
1.85706	3.81864	1	
1.87370	3.82822	1	
1.85381	3.82457	0	
# Depth = 5, x = 1.75000 - 1.81250, y = 3.75000 - 3.81250
1.78999	3.77841	0	
1.75642	3.77181	0	
1.75820	3.78756	0	
1.75246	3.80927	1	
1.78724	3.76456	0	
1.77266	3.79824	1	
1.80648	3.77731	0	
1.76700	3.75997	0	
1.76144	3.75633	1	
1.77617	3.80208	1	
1.76469	3.76856	0	
1.77813	3.80920	0	
1.75704	3.77014	0	
1.75908	3.76750	1	
1.78910	3.78178	0	
1.80314	3.79338	1	
1.79879	3.75155	0	
1.80292	3.76960	1	
1.77115	3.80527	1	
1.75501	3.79420	0	
# Depth = 6, x = 1.81250 - 1.84375, y = 3.78125 - 3.81250
1.83793	3.81177	0	
1.82876	3.81224	0	
1.82543	3.80220	0	
1.82461	3.79487	0	
1.84005	3.78685	1	
1.81464	3.78758	0	
1.82949	3.79265	1	
1.82255	3.80672	1	
1.82471	3.80265	0	
1.82869	3.80939	1	
1.84142	3.79395	1	
1.82296	3.80829	0	
1.82234	3.80109	0	
1.81502	3.79632	1	
1.81517	3.79924	0	
1.82579	3.81038	1	
1.83711	3.78503	1	
1.83400	3.78644	0	
1.81902	3.79113	0	
1.82059	3.78753	1	
# Depth = 6, x = 1.84375 - 1.87500, y = 3.78125 - 3.81250
1.86280	3.78892	0	
1.84879	3.78213	0	
1.87263	3.79558	1	
1.86615	3.81177	1	
1.86593	3.78588	0	
1.84837	3.78391	0	
1.86342	3.79566	0	
1.84414	3.80077	0	
1.86754	3.79900	0	
1.84423	3.79183	1	
1.84577	3.81054	0	
1.87206	3.79222	0	
1.85159	3.78470	1	
1.84599	3.79604	0	
1.86491	3.80446	0	
1.86842	3.79627	0	
1.85168	3.78487	1	
1.86795	3.78346	1	
1.85631	3.79842	1	
1.85419	3.80023	1	
# Depth = 6, x = 1.81250 - 1.84375, y = 3.75000 - 3.78125
1.83149	3.77739	0	
1.84303	3.76197	0	
1.83908	3.78017	1	
1.81356	3.77474	1	
1.81476	3.75106	0	
1.81677	3.75592	1	
1.82574	3.75729	0	
1.81517	3.77763	0	
1.84067	3.77537	0	
1.81775	3.77252	0	
1.82333	3.76097	0	
1.81448	3.77069	1	
1.83377	3.76066	0	
1.83829	3.75668	1	
1.84282	3.75936	0	
1.81362	3.75741	0	
1.81770	3.75344	0	
1.84309	3.77975	0	
1.82114	3.75303	1	
1.83516	3.77497	0	
# Depth = 6, x = 1.84375 - 1.87500, y = 3.75000 - 3.78125
1.86878	3.76524	1	
1.86697	3.77800	1	
1.87351	3.76604	1	
1.85809	3.75121	0	
1.86549	3.75507	0	
1.86456	3.75768	0	
1.86914	3.76308	1	
1.84429	3.77294	0	
1.84644	3.75932	0	
1.85905	3.76076	0	
1.85776	3.75522	1	
1.86384	3.77165	0	
1.86598	3.77312	1	
1.84649	3.77895	1	
1.86532	3.75231	0	
1.84694	3.76709	0	
1.85812	3.75965	1	
1.85010	3.77749	0	
1.84857	3.75298	1	
1.85326	3.75697	1	
# Depth = 5, x = 1.87500 - 1.93750, y = 3.81250 - 3.87500
1.87704	3.83349	0	
1.92091	3.83282	1	
1.91324	3.85569	1	
1.91197	3.82279	0	
1.92826	3.82023	0	
1.89155	3.87185	1	
1.90788	3.83742	0	
1.89523	3.84872	0	
1.90255	3.82980	0	
1.91778	3.82613	0	
1.88493	3.81558	1	
1.91777	3.86707	1	
1.90730	3.85081	0	
1.92288	3.86064	1	
1.90178	3.85515	1	
1.89232	3.84127	0	
1.93186	3.84781	0	
1.89895	3.85809	0	
1.88202	3.82698	0	
1.91798	3.86539	1	
# Depth = 5, x = 1.93750 - 2.00000, y = 3.81250 - 3.87500
1.96185	3.82383	1	
1.99101	3.86315	1	
1.93811	3.84737	0	
1.93926	3.84619	0	
1.98031	3.85476	1	
1.99204	3.82510	0	
1.97261	3.85518	0	
1.97820	3.85625	0	
1.96419	3.82419	1	
1.96475	3.85968	1	
1.95760	3.85035	0	
1.96924	3.84623	0	
1.95225	3.83576	1	
1.93893	3.86378	0	
1.97190	3.84308	1	
1.97987	3.82317	0	
1.95200	3.86747	0	
1.94387	3.85226	0	
1.98122	3.83365	1	
1.94315	3.86441	0	
# Depth = 5, x = 1.87500 - 1.93750, y = 3.75000 - 3.81250
1.90610	3.79160	0	
1.91605	3.78513	1	
1.88749	3.76033	1	
1.92654	3.79740	1	
1.91405	3.78744	0	
1.91273	3.80008	1	
1.88226	3.81079	0	
1.93564	3.78040	0	
1.89575	3.79019	1	
1.91495	3.76162	0	
1.92870	3.81050	0	
1.92046	3.76576	1	
1.89121	3.80668	1	
1.90391	3.80632	0	
1.90285	3.78155	0	
1.93355	3.75608	0	
1.93017	3.80353	1	
1.91582	3.76188	0	
1.89800	3.79978	0	
1.92159	3.77759	1	
# Depth = 5, x = 1.93750 - 2.00000, y = 3.75000 - 3.81250
1.99013	3.76702	0	
1.95695	3.80237	0	
1.95587	3.76118	0	
1.99386	3.76607	1	
1.96592	3.75645	1	
1.97938	3.76702	1	
1.94797	3.79848	1	
1.94684	3.78893	1	
1.99939	3.77552	1	
1.95034	3.77518	0	
1.96915	3.78326	0	
1.95084	3.78940	1	
1.96270	3.79725	0	
1.93955	3.77238	0	
1.95083	3.79504	1	
1.94929	3.75767	0	
1.96258	3.79356	0	
1.99276	3.77772	1	
1.96442	3.78783	1	
1.93909	3.77309	0	
# Depth = 3, x = 1.50000 - 1.75000, y = 3.50000 - 3.75000
1.70941	3.57615	0	
1.54322	3.56654	1	
1.60469	3.65132	1	
1.72596	3.62602	1	
1.61686	3.64494	0	
1.54045	3.50320	1	
1.58079	3.67901	0	
1.53952	3.53640	1	
1.72878	3.50966	1	
1.51000	3.63920	0	
1.54257	3.68475	0	
1.52897	3.56548	1	
1.55904	3.58988	1	
1.54954	3.73219	1	
1.54813	3.57915	0	
1.71088	3.52506	1	
1.54236	3.60903	0	
1.53553	3.54665	0	
1.64060	3.64040	0	
1.73290	3.60355	0	
# Depth = 5, x = 1.75000 - 1.81250, y = 3.68750 - 3.75000
1.75313	3.74219	0	
1.77154	3.71024	1	
1.75905	3.70858	1	
1.79839	3.70727	1	
1.76019	3.68853	0	
1.75086	3.69851	1	
1.77736	3.70119	0	
1.80337	3.70351	1	
1.79392	3.74258	1	
1.79643	3.74122	1	
1.75700	3.74544	0	
1.79648	3.68865	1	
1.77909	3.73929	0	
1.80607	3.73357	0	
1.77399	3.71126	0	
1.76502	3.74648	1	
1.76375	3.70603	1	
1.80373	3.74383	1	
1.75880	3.69258	0	
1.78470	3.70199	1	
# Depth = 6, x = 1.81250 - 1.84375, y = 3.71875 - 3.75000
1.82935	3.74433	0	
1.83746	3.72178	0	
1.83940	3.73931	0	
1.81858	3.72645	1	
1.83529	3.72382	0	
1.83075	3.74594	0	
1.82226	3.72659	1	
1.82865	3.72896	1	
1.84149	3.73387	0	
1.84267	3.72563	1	
1.81698	3.73019	1	
1.82286	3.72681	1	
1.82352	3.73492	0	
1.81992	3.74874	0	
1.84074	3.72993	1	
1.83012	3.73236	0	
1.83218	3.73530	0	
1.81867	3.74325	0	
1.84345	3.74646	0	
1.81883	3.74863	1	
# Depth = 6, x = 1.84375 - 1.87500, y = 3.71875 - 3.75000
1.85347	3.72969	1	
1.85064	3.72033	1	
1.85603	3.73778	0	
1.87004	3.72525	1	
1.84799	3.73139	1	
1.84770	3.71971	1	
1.87219	3.72185	0	
1.84511	3.72438	1	
1.86102	3.72582	1	
1.84900	3.72430	0	
1.85887	3.71900	0	
1.86071	3.73823	0	
1.87486	3.72282	1	
1.85807	3.71922	1	
1.86596	3.72283	0	
1.87283	3.74978	0	
1.86078	3.72743	1	
1.86835	3.74927	1	
1.84516	3.73081	1	
1.85961	3.74726	1	
# Depth = 6, x = 1.81250 - 1.84375, y = 3.68750 - 3.71875
1.82326	3.71793	1	
1.83118	3.70092	1	
1.82986	3.69423	1	
1.82494	3.69784	0	
1.82251	3.71718	0	
1.83356	3.71791	0	
1.82691	3.70807	1	
1.84092	3.70132	0	
1.83074	3.69397	0	
1.84336	3.71823	1	
1.83408	3.71256	0	
1.84124	3.70291	1	
1.82494	3.70035	1	
1.83361	3.70364	1	
1.82811	3.70678	1	
1.82886	3.71481	1	
1.81638	3.70537	1	
1.83263	3.69143	0	
1.83801	3.70567	0	
1.83081	3.69541	1	
# Depth = 6, x = 1.84375 - 1.87500, y = 3.68750 - 3.71875
1.85889	3.70609	1	
1.86209	3.71526	1	
1.84392	3.70264	1	
1.86272	3.69637	1	
1.84827	3.71444	1	
1.86526	3.71044	0	
1.85686	3.70279	0	
1.87215	3.71443	1	
1.85569	3.69127	1	
1.85651	3.69606	0	
1.86289	3.71117	0	
1.84448	3.69169	0	
1.86302	3.68863	0	
1.87089	3.70523	1	
1.86279	3.69391	0	
1.85999	3.70163	1	
1.85296	3.71140	0	
1.86676	3.71263	0	
1.85205	3.70629	1	
1.85698	3.70751	1	
# Depth = 5, x = 1.75000 - 1.81250, y = 3.62500 - 3.68750
1.76010	3.66321	1	
1.77789	3.67905	1	
1.81129	3.63470	0	
1.76846	3.64938	1	
1.79629	3.63899	0	
1.79695	3.68638	1	
1.78753	3.64175	1	
1.78793	3.63620	1	
1.77642	3.63599	0	
1.76127	3.67947	0	
1.81110	3.67404	0	
1.78028	3.66718	0	
1.78539	3.65364	0	
1.77558	3.62993	1	
1.79760	3.65192	0	
1.80626	3.64733	1	
1.75127	3.64079	1	
1.78324	3.66888	0	
1.79142	3.67838	1	
1.75104	3.67010	1	
# Depth = 5, x = 1.81250 - 1.87500, y = 3.62500 - 3.68750
1.86349	3.68746	1	
1.82175	3.65574	1	
1.82114	3.63833	0	
1.84821	3.66082	1	
1.86215	3.66853	0	
1.84303	3.65605	0	
1.83613	3.64083	1	
1.85405	3.65666	0	
1.87122	3.62686	1	
1.81615	3.64846	1	
1.85734	3.62663	1	
1.81688	3.65635	1	
1.85827	3.62671	1	
1.85994	3.63230	1	
1.86085	3.65622	1	
1.84383	3.68353	1	
1.83185	3.62978	0	
1.85946	3.68679	0	
1.84090	3.67449	0	
1.84211	3.64900	0	
# Depth = 6, x = 1.87500 - 1.90625, y = 3.71875 - 3.75000
1.89835	3.72343	0	
1.89459	3.71973	1	
1.90373	3.73582	0	
1.89193	3.74227	1	
1.89694	3.73356	0	
1.87733	3.73451	0	
1.87766	3.73301	1	
1.88136	3.74195	1	
1.88086	3.74212	0	
1.89293	3.71908	0	
1.90412	3.71967	1	
1.90019	3.74721	1	
1.88372	3.73575	1	
1.89319	3.72384	0	
1.89495	3.73165	0	
1.89991	3.72428	1	
1.89117	3.72585	1	
1.88162	3.72612	1	
1.89236	3.73414	0	
1.89564	3.73109	0	
# Depth = 6, x = 1.90625 - 1.93750, y = 3.71875 - 3.75000
1.92970	3.71917	1	
1.91244	3.72714	0	
1.93566	3.74144	0	
1.91972	3.72054	0	
1.92531	3.73816	1	
1.91379	3.73990	1	
1.90962	3.73889	1	
1.90647	3.72879	0	
1.93167	3.72582	0	
1.91856	3.73265	0	
1.93152	3.72672	0	
1.93408	3.74921	1	
1.93524	3.73035	0	
1.92715	3.73096	1	
1.91199	3.72234	0	
1.90954	3.72650	0	
1.90813	3.73159	1	
1.93581	3.74374	1	
1.92983	3.73212	0	
1.91106	3.73853	1	
# Depth = 6, x = 1.87500 - 1.90625, y = 3.68750 - 3.71875
1.87571	3.71387	1	
1.89463	3.70555	1	
1.88663	3.70937	0	
1.90139	3.71496	1	
1.87683	3.69316	0	
1.90591	3.70244	0	
1.89033	3.71826	0	
1.87705	3.71360	0	
1.90134	3.70803	1	
1.90076	3.68994	0	
1.90400	3.69094	1	
1.89574	3.71455	1	
1.87702	3.68792	1	
1.90315	3.71696	0	
1.89793	3.70393	1	
1.89515	3.69324	0	
1.87733	3.69918	1	
1.88614	3.71574	0	
1.90313	3.71173	0	
1.87667	3.71443	0	
# Depth = 6, x = 1.90625 - 1.93750, y = 3.68750 - 3.71875
1.91217	3.70482	0	
1.93194	3.69869	0	
1.92253	3.71668	0	
1.91243	3.70636	0	
1.93306	3.69120	0	
1.93701	3.69767	0	
1.90893	3.70587	1	
1.91409	3.70103	0	
1.93682	3.70484	0	
1.93465	3.69000	0	
1.93411	3.71615	0	
1.93215	3.69363	1	
1.91626	3.69056	0	
1.91652	3.70916	0	
1.92547	3.71663	0	
1.91144	3.69159	0	
1.92226	3.71263	0	
1.92231	3.68762	1	
1.93721	3.71431	1	
1.91521	3.69945	1	
# Depth = 6, x = 1.93750 - 1.96875, y = 3.71875 - 3.75000
1.94593	3.74596	0	
1.96657	3.73373	1	
1.96648	3.73382	1	
1.96068	3.74710	0	
1.96454	3.72131	1	
1.96201	3.72889	1	
1.96824	3.74970	0	
1.94126	3.72400	1	
1.95987	3.72977	1	
1.93933	3.72009	0	
1.94364	3.72781	0	
1.95482	3.73550	0	
1.94106	3.73415	0	
1.93873	3.74616	1	
1.95772	3.74444	0	
1.95146	3.73617	1	
1.96344	3.73402	1	
1.95791	3.74058	1	
1.95446	3.72083	0	
1.94936	3.72994	0	
# Depth = 6, x = 1.96875 - 2.00000, y = 3.71875 - 3.75000
1.99638	3.72464	0	
1.97561	3.72752	0	
1.99065	3.73321	0	
1.97868	3.72358	1	
1.98444	3.73958	0	
1.98045	3.73580	0	
1.98211	3.71990	0	
1.99571	3.73230	0	
1.97560	3.73341	0	
1.98286	3.73956	1	
1.99152	3.74774	0	
1.97710	3.72901	0	
1.98821	3.74816	1	
1.98039	3.73748	1	
1.98363	3.74676	1	
1.97728	3.74224	1	
1.97149	3.72227	1	
1.99772	3.74042	1	
1.97253	3.72733	0	
1.98755	3.73354	1	
# Depth = 6, x = 1.93750 - 1.96875, y = 3.68750 - 3.71875
1.95012	3.69051	1	
1.96485	3.69429	1	
1.94373	3.69220	1	
1.95016	3.71079	0	
1.95083	3.68842	0	
1.96586	3.71041	0	
1.95270	3.69978	1	
1.94184	3.69515	0	
1.95927	3.69973	0	
1.95426	3.71571	0	
1.96812	3.69205	1	
1.95382	3.69530	1	
1.93840	3.69696	0	
1.96323	3.70005	0	
1.95823	3.71731	1	
1.95134	3.69489	0	
1.96123	3.69945	0	
1.94673	3.70357	1	
1.96089	3.71109	1	
1.94441	3.69668	0	
# Depth = 6, x = 1.96875 - 2.00000, y = 3.68750 - 3.71875
1.99030	3.68959	0	
1.98232	3.68916	1	
1.99565	3.70900	1	
1.98923	3.69625	1	
1.99366	3.69231	0	
1.99824	3.70384	0	
1.97215	3.69940	0	
1.98682	3.70343	1	
1.98277	3.70355	0	
1.99755	3.71318	0	
1.97319	3.71717	0	
1.98449	3.71490	1	
1.99948	3.71746	1	
1.99022	3.70991	0	
1.99005	3.69439	1	
1.99803	3.71645	0	
1.98481	3.70157	1	
1.97546	3.69678	1	
1.98147	3.70423	1	
1.98686	3.69987	1	
# Depth = 5, x = 1.87500 - 1.93750, y = 3.62500 - 3.68750
1.87574	3.67246	0	
1.88330	3.62584	1	
1.92788	3.68162	0	
1.89628	3.66609	1	
1.89450	3.62932	0	
1.91386	3.66740	0	
1.92547	3.67812	1	
1.89389	3.66722	1	
1.88264	3.66728	1	
1.88110	3.66229	0	
1.91740	3.67414	0	
1.92562	3.66182	0	
1.87984	3.65326	0	
1.91833	3.64249	0	
1.93675	3.65550	1	
1.90256	3.66346	0	
1.91927	3.65316	0	
1.90651	3.66032	0	
1.91965	3.68151	1	
1.87676	3.68397	1	
# Depth = 6, x = 1.93750 - 1.96875, y = 3.65625 - 3.68750
1.94421	3.65981	1	
1.96465	3.68599	0	
1.96312	3.66711	0	
1.94413	3.68663	0	
1.93940	3.67882	0	
1.96153	3.67559	0	
1.96485	3.66294	0	
1.93845	3.66163	0	
1.96519	3.67569	0	
1.94815	3.65702	0	
1.95386	3.68546	1	
1.96281	3.66636	1	
1.96478	3.67028	1	
1.95805	3.66559	1	
1.94527	3.66131	0	
1.96396	3.65954	1	
1.95004	3.67270	0	
1.95530	3.67904	1	
1.95813	3.67389	0	
1.95537	3.67286	1	
# Depth = 6, x = 1.96875 - 2.00000, y = 3.65625 - 3.68750
1.98237	3.65779	1	
1.98160	3.67805	0	
1.99168	3.67707	1	
1.98680	3.66248	1	
1.97539	3.67378	1	
1.99049	3.67056	1	
1.98312	3.66313	1	
1.98635	3.66370	0	
1.97717	3.67075	0	
1.99286	3.68561	0	
1.97222	3.66254	0	
1.97418	3.66787	1	
1.98284	3.67570	1	
1.97444	3.66840	1	
1.97747	3.66050	0	
1.96887	3.66549	0	
1.99200	3.66794	1	
1.97572	3.68113	0	
1.97587	3.68077	1	
1.98325	3.66345	0	
# Depth = 6, x = 1.93750 - 1.96875, y = 3.62500 - 3.65625
1.94056	3.65303	0	
1.95884	3.64992	0	
1.96621	3.64892	0	
1.95040	3.62858	1	
1.96022	3.65453	0	
1.93882	3.64742	0	
1.94039	3.65054	0	
1.94847	3.64962	0	
1.95621	3.63686	1	
1.94560	3.64405	0	
1.95129	3.65185	1	
1.94497	3.62540	0	
1.95042	3.63295	1	
1.96056	3.64348	0	
1.96587	3.64936	1	
1.94130	3.63326	0	
1.95805	3.64070	1	
1.94145	3.64372	0	
1.96287	3.63612	0	
1.96078	3.62935	1	
# Depth = 6, x = 1.96875 - 2.00000, y = 3.62500 - 3.65625
1.99284	3.64250	0	
1.97239	3.63114	0	
1.97347	3.64821	1	
1.97762	3.64303	1	
1.98867	3.62683	1	
1.97875	3.63163	1	
1.97390	3.65302	0	
1.99830	3.63944	1	
1.98086	3.63506	0	
1.97481	3.63815	1	
1.99526	3.63009	1	
1.97184	3.62999	0	
1.99369	3.64737	0	
1.97665	3.64580	0	
1.96979	3.63973	1	
1.99839	3.64993	0	
1.99279	3.62775	1	
1.99884	3.63483	1	
1.98722	3.62751	0	
1.98428	3.63504	1	
# Depth = 4, x = 1.75000 - 1.87500, y = 3.50000 - 3.62500
1.79904	3.50066	1	
1.77894	3.52411	1	
1.84043	3.61767	0	
1.86084	3.62120	1	
1.77613	3.53641	1	
1.76366	3.58489	0	
1.85179	3.52491	1	
1.81448	3.55951	0	
1.85439	3.56759	1	
1.80040	3.50227	1	
1.76983	3.58757	0	
1.85129	3.53417	1	
1.83835	3.60864	0	
1.82346	3.57227	1	
1.85181	3.54488	0	
1.77260	3.58326	0	
1.77965	3.60389	1	
1.87181	3.61741	0	
1.80849	3.50655	1	
1.83042	3.52221	1	
# Depth = 4, x = 1.87500 - 2.00000, y = 3.50000 - 3.62500
1.99999	3.50305	0	
1.88829	3.59939	0	
1.88105	3.54481	1	
1.93242	3.55268	0	
1.89589	3.60599	1	
1.94998	3.58100	0	
1.89363	3.51901	0	
1.97516	3.54326	1	
1.89621	3.56567	0	
1.87508	3.54661	1	
1.95090	3.52361	1	
1.88660	3.51383	0	
1.90897	3.56414	1	
1.88861	3.56766	0	
1.90957	3.61028	1	
1.89089	3.58996	0	
1.89479	3.55165	0	
1.91575	3.62147	0	
1.89798	3.54206	0	
1.88094	3.54186	1	
# Depth = 3, x = 1.00000 - 1.25000, y = 3.25000 - 3.50000
1.06510	3.44193	1	
1.03475	3.48282	0	
1.22482	3.47706	1	
1.01774	3.34581	0	
1.08230	3.42613	0	
1.15399	3.34221	1	
1.13193	3.32568	1	
1.05754	3.34543	1	
1.07396	3.34071	0	
1.02185	3.29350	1	
1.13799	3.25794	1	
1.15199	3.32588	0	
1.07258	3.38952	1	
1.00468	3.41262	1	
1.23664	3.33822	0	
1.16662	3.33897	0	
1.10349	3.40394	0	
1.00357	3.33889	1	
1.01432	3.32107	1	
1.12083	3.28765	0	
# Depth = 3, x = 1.25000 - 1.50000, y = 3.25000 - 3.50000
1.48205	3.49417	0	
1.37992	3.42853	0	
1.45548	3.34231	1	
1.35796	3.48104	0	
1.46937	3.40660	0	
1.30063	3.31613	1	
1.45642	3.31485	1	
1.47139	3.49070	1	
1.32615	3.35392	1	
1.41334	3.25406	1	
1.25282	3.27085	0	
1.26999	3.29788	0	
1.44584	3.41492	1	
1.39326	3.26569	0	
1.49515	3.47194	0	
1.31127	3.45147	0	
1.26337	3.30863	1	
1.47895	3.26220	1	
1.49107	3.47404	0	
1.49010	3.37873	0	
# Depth = 3, x = 1.00000 - 1.25000, y = 3.00000 - 3.25000
1.16229	3.01124	1	
1.19790	3.06536	1	
1.18104	3.02400	0	
1.06782	3.21367	1	
1.24634	3.21927	1	
1.04343	3.20515	0	
1.23931	3.11219	0	
1.16090	3.19822	0	
1.17294	3.12038	0	
1.14087	3.13705	1	
1.19199	3.08798	1	
1.16179	3.05468	0	
1.04051	3.21935	1	
1.22150	3.05979	1	
1.24353	3.00047	1	
1.17431	3.22766	0	
1.16878	3.07904	0	
1.21247	3.00254	0	
1.11474	3.16192	1	
1.23582	3.04547	0	
# Depth = 3, x = 1.25000 - 1.50000, y = 3.00000 - 3.25000
1.42217	3.19426	0	
1.37296	3.17738	1	
1.34101	3.08776	1	
1.45323	3.21331	1	
1.48212	3.16952	0	
1.42451	3.02276	0	
1.43828	3.12816	1	
1.43285	3.19221	1	
1.34476	3.05654	1	
1.33728	3.04001	1	
1.29196	3.11397	0	
1.42008	3.06067	0	
1.33266	3.15170	0	
1.29074	3.24008	0	
1.39059	3.00961	1	
1.47919	3.23609	1	
1.47568	3.18283	1	
1.37761	3.13544	1	
1.28884	3.22678	0	
1.32424	3.13128	1	
# Depth = 3, x = 1.50000 - 1.75000, y = 3.25000 - 3.50000
1.55318	3.47022	0	
1.66430	3.32290	1	
1.72734	3.40223	1	
1.73244	3.41629	1	
1.73316	3.34887	0	
1.72864	3.49532	1	
1.65638	3.30529	0	
1.58565	3.30457	1	
1.66247	3.35753	1	
1.52317	3.47471	0	
1.70822	3.30796	0	
1.59017	3.33178	0	
1.69928	3.49610	0	
1.67170	3.36905	1	
1.52748	3.49456	0	
1.67266	3.42716	0	
1.73325	3.33466	0	
1.62841	3.43536	0	
1.73390	3.25595	0	
1.63682	3.41964	1	
# Depth = 4, x = 1.75000 - 1.87500, y = 3.37500 - 3.50000
1.78058	3.38052	1	
1.86803	3.44806	1	
1.79530	3.48409	0	
1.84106	3.48229	1	
1.75305	3.46354	0	
1.82722	3.43526	1	
1.86057	3.49626	1	
1.75379	3.49577	1	
1.76541	3.40915	0	
1.84575	3.43451	1	
1.84754	3.46952	0	
1.76759	3.48204	1	
1.76922	3.48158	0	
1.80007	3.41221	1	
1.78511	3.43242	0	
1.85088	3.40359	0	
1.82634	3.43559	0	
1.84179	3.49707	1	
1.84091	3.47054	1	
1.78743	3.38395	0	
# Depth = 4, x = 1.87500 - 2.00000, y = 3.37500 - 3.50000
1.97702	3.49940	1	
1.92384	3.43185	0	
1.93149	3.48352	1	
1.97335	3.42805	0	
1.87941	3.49122	0	
1.90253	3.46001	1	
1.92371	3.49280	0	
1.89653	3.41197	0	
1.93451	3.38558	1	
1.87588	3.42344	0	
1.88991	3.38521	0	
1.89508	3.48936	1	
1.92573	3.44378	1	
1.98698	3.38999	0	
1.88996	3.40080	1	
1.98189	3.40670	0	
1.97694	3.44424	1	
1.91331	3.42563	0	
1.88358	3.44664	1	
1.97004	3.41775	1	
# Depth = 4, x = 1.75000 - 1.87500, y = 3.25000 - 3.37500
1.87272	3.26344	1	
1.77956	3.27878	1	
1.85304	3.36034	1	
1.80162	3.25530	1	
1.82297	3.29021	1	
1.86983	3.29429	0	
1.84360	3.26234	0	
1.76893	3.27236	1	
1.82911	3.30992	0	
1.79291	3.33026	0	
1.86547	3.29440	0	
1.81648	3.27639	0	
1.86996	3.36194	0	
1.86158	3.30951	0	
1.75891	3.27344	1	
1.77236	3.37095	1	
1.86173	3.33324	1	
1.78673	3.29645	1	
1.81202	3.31031	1	
1.75448	3.31158	1	
# Depth = 4, x = 1.87500 - 2.00000, y = 3.25000 - 3.37500
1.91186	3.33182	1	
1.94555	3.26633	1	
1.92986	3.29354	1	
1.91097	3.28822	1	
1.87543	3.28228	0	
1.89746	3.30351	0	
1.94842	3.29784	1	
1.99407	3.37052	1	
1.92864	3.25100	1	
1.91804	3.31434	1	
1.94272	3.26965	0	
1.98828	3.32930	0	
1.94025	3.31191	0	
1.91904	3.33845	1	
1.98897	3.27267	0	
1.92021	3.31905	1	
1.88959	3.31231	1	
1.96508	3.29764	1	
1.96701	3.25534	0	
1.90579	3.32805	0	
# Depth = 4, x = 1.50000 - 1.62500, y = 3.12500 - 3.25000
1.58329	3.23697	0	
1.55923	3.19333	1	
1.56939	3.15273	1	
1.51935	3.14822	0	
1.60492	3.23168	1	
1.54412	3.18123	0	
1.55369	3.22736	1	
1.54474	3.23582	0	
1.53019	3.15038	0	
1.52603	3.16997	0	
1.60558	3.17886	1	
1.50391	3.23068	1	
1.53435	3.15198	1	
1.53784	3.20882	1	
1.58421	3.16325	0	
1.54484	3.19092	0	
1.53426	3.24629	0	
1.53530	3.13603	0	
1.50976	3.17788	0	
1.56183	3.13722	0	
# Depth = 5, x = 1.62500 - 1.68750, y = 3.18750 - 3.25000
1.68444	3.24872	0	
1.64225	3.22561	1	
1.63657	3.19704	1	
1.63412	3.20447	0	
1.68028	3.22926	0	
1.62775	3.24903	1	
1.63439	3.24722	1	
1.68746	3.22349	1	
1.63929	3.19959	0	
1.66015	3.21804	0	
1.68131	3.24421	0	
1.64443	3.21970	0	
1.68271	3.18775	1	
1.65172	3.24204	0	
1.66925	3.19617	1	
1.63744	3.22877	1	
1.67797	3.24031	1	
1.65149	3.19306	1	
1.63868	3.20321	0	
1.64426	3.20575	1	
# Depth = 5, x = 1.68750 - 1.75000, y = 3.18750 - 3.25000
1.72392	3.20587	1	
1.74896	3.21721	0	
1.74507	3.23658	1	
1.70197	3.21439	1	
1.71302	3.23364	1	
1.72790	3.24170	1	
1.71098	3.20498	1	
1.72175	3.20243	0	
1.72336	3.24230	0	
1.74913	3.21790	0	
1.69913	3.19432	0	
1.73294	3.23861	0	
1.72678	3.22267	0	
1.70141	3.19502	0	
1.69680	3.24754	0	
1.73561	3.22104	0	
1.72738	3.21884	0	
1.70875	3.23124	0	
1.70623	3.24808	1	
1.69035	3.21939	1	
# Depth = 6, x = 1.62500 - 1.65625, y = 3.15625 - 3.18750
1.64058	3.16881	1	
1.62501	3.18638	0	
1.62687	3.16440	0	
1.64800	3.16690	0	
1.64025	3.16959	1	
1.65443	3.15869	1	
1.65251	3.17488	1	
1.63392	3.17953	1	
1.64214	3.18273	1	
1.64631	3.18635	0	
1.64443	3.17838	0	
1.63348	3.16844	0	
1.64007	3.17306	1	
1.63537	3.18690	0	
1.65573	3.18052	0	
1.62796	3.16921	1	
1.65520	3.16694	1	
1.63949	3.17505	0	
1.62554	3.16666	1	
1.63034	3.16313	0	
# Depth = 6, x = 1.65625 - 1.68750, y = 3.15625 - 3.18750
1.66409	3.17552	1	
1.68629	3.16718	0	
1.67536	3.18567	1	
1.68006	3.18319	0	
1.67896	3.18256	1	
1.68265	3.17635	1	
1.67817	3.16793	0	
1.68034	3.18122	0	
1.68031	3.17338	1	
1.68123	3.17019	1	
1.67872	3.17353	0	
1.67401	3.17185	1	
1.66951	3.16176	0	
1.68511	3.18302	0	
1.66283	3.18440	0	
1.67115	3.16073	1	
1.67516	3.16330	0	
1.65695	3.18541	0	
1.68231	3.17352	1	
1.67060	3.15938	1	
# Depth = 6, x = 1.62500 - 1.65625, y = 3.12500 - 3.15625
1.63582	3.14226	1	
1.65304	3.14170	1	
1.63532	3.14890	0	
1.63140	3.13364	1	
1.64422	3.12565	1	
1.64744	3.12951	0	
1.65325	3.12924	1	
1.63953	3.13573	1	
1.63638	3.14740	0	
1.64257	3.13849	1	
1.64282	3.13857	0	
1.62648	3.13624	1	
1.64818	3.13566	0	
1.65473	3.14543	1	
1.64943	3.15078	0	
1.63988	3.14125	1	
1.63403	3.15560	0	
1.63231	3.14506	0	
1.64648	3.12612	0	
1.62869	3.14810	0	
# Depth = 6, x = 1.65625 - 1.68750, y = 3.12500 - 3.15625
1.67023	3.14474	0	
1.67451	3.14594	1	
1.68242	3.15603	0	
1.65915	3.14353	1	
1.66411	3.14005	0	
1.66500	3.14113	1	
1.68367	3.12586	0	
1.67681	3.14030	1	
1.67013	3.14138	0	
1.66332	3.14617	0	
1.66788	3.14547	1	
1.68366	3.13104	0	
1.67119	3.14695	0	
1.66389	3.13397	0	
1.67282	3.14464	0	
1.65708	3.13325	1	
1.66356	3.13322	1	
1.68210	3.14613	1	
1.66102	3.15294	1	
1.68308	3.15415	0	
# Depth = 6, x = 1.68750 - 1.71875, y = 3.15625 - 3.18750
1.70790	3.15962	1	
1.68981	3.17779	0	
1.70135	3.16012	0	
1.71522	3.15794	0	
1.68944	3.16732	0	
1.69597	3.16626	0	
1.70012	3.15991	1	
1.69954	3.16051	0	
1.69651	3.16926	1	
1.69500	3.17098	0	
1.70662	3.16524	1	
1.69025	3.17146	0	
1.69729	3.18572	1	
1.71752	3.18305	0	
1.71711	3.18692	0	
1.70032	3.15793	1	
1.69574	3.15908	1	
1.69399	3.18174	0	
1.70130	3.18124	0	
1.69012	3.17474	1	
# Depth = 6, x = 1.71875 - 1.75000, y = 3.15625 - 3.18750
1.73988	3.18340	1	
1.74637	3.16591	0	
1.72762	3.17317	0	
1.73584	3.16084	0	
1.72690	3.17242	0	
1.72731	3.17988	0	
1.72177	3.17743	0	
1.72946	3.15697	1	
1.73838	3.18381	0	
1.73160	3.16562	1	
1.73856	3.16786	1	
1.72764	3.18018	0	
1.74588	3.17775	0	
1.73293	3.16691	0	
1.73302	3.18700	1	
1.73336	3.17884	1	
1.74577	3.15783	0	
1.74598	3.17153	0	
1.73959	3.15863	1	
1.74909	3.18441	0	
# Depth = 6, x = 1.68750 - 1.71875, y = 3.12500 - 3.15625
1.70586	3.14241	1	
1.70792	3.15363	1	
1.70044	3.14652	1	
1.69022	3.12908	1	
1.69120	3.12560	1	
1.70134	3.13465	0	
1.71471	3.15228	1	
1.69902	3.13098	1	
1.70350	3.13253	1	
1.69166	3.13975	0	
1.69035	3.15182	1	
1.71761	3.14447	1	
1.70024	3.14487	0	
1.68947	3.14141	1	
1.70244	3.15115	0	
1.68837	3.15466	1	
1.69457	3.14487	1	
1.70469	3.13349	1	
1.70815	3.12840	1	
1.71202	3.15247	0	
# Depth = 6, x = 1.71875 - 1.75000, y = 3.12500 - 3.15625
1.74999	3.14800	1	
1.73427	3.12957	0	
1.74355	3.14319	0	
1.73311	3.12676	1	
1.74345	3.13438	0	
1.74229	3.15611	1	
1.73313	3.13386	1	
1.74919	3.14392	1	
1.72936	3.13660	1	
1.74812	3.14845	0	
1.73881	3.15401	1	
1.74573	3.15295	0	
1.73578	3.13436	1	
1.72620	3.12731	0	
1.72205	3.12842	1	
1.72889	3.13829	1	
1.72401	3.13392	0	
1.72228	3.14668	1	
1.73839	3.13349	1	
1.73733	3.14811	0	
# Depth = 4, x = 1.50000 - 1.62500, y = 3.00000 - 3.12500
1.58053	3.04991	0	
1.57308	3.01113	0	
1.55726	3.09706	0	
1.50628	3.01337	0	
1.57657	3.06806	0	
1.61496	3.00233	0	
1.54645	3.04373	0	
1.58303	3.08019	1	
1.58896	3.08484	1	
1.52840	3.11135	0	
1.56892	3.05737	0	
1.50174	3.10296	1	
1.55733	3.06910	1	
1.61788	3.04316	0	
1.51791	3.03115	1	
1.52078	3.01487	1	
1.56794	3.06109	1	
1.59396	3.03653	0	
1.51205	3.02016	1	
1.59633	3.11805	1	
# Depth = 6, x = 1.62500 - 1.65625, y = 3.09375 - 3.12500
1.64509	3.11896	1	
1.63740	3.10020	1	
1.62737	3.11825	1	
1.62967	3.09508	1	
1.64803	3.09722	0	
1.64982	3.11043	1	
1.64418	3.12404	0	
1.65294	3.10290	0	
1.65426	3.10920	0	
1.64630	3.11803	0	
1.63869	3.10555	1	
1.63952	3.11290	1	
1.64955	3.10341	0	
1.63860	3.11944	0	
1.62542	3.09836	1	
1.65425	3.09683	1	
1.64366	3.10458	1	
1.64494	3.11177	0	
1.63747	3.10282	0	
1.62584	3.10792	1	
# Depth = 6, x = 1.65625 - 1.68750, y = 3.09375 - 3.12500
1.67273	3.11705	0	
1.68550	3.10105	0	
1.66053	3.11701	0	
1.67662	3.12408	0	
1.68353	3.10126	1	
1.66584	3.09915	0	
1.66338	3.09861	1	
1.65885	3.10964	0	
1.68214	3.10864	1	
1.67451	3.09635	0	
1.65646	3.09645	0	
1.66326	3.09598	0	
1.67262	3.09573	0	
1.68306	3.12488	1	
1.68611	3.11246	0	
1.68639	3.11547	1	
1.65877	3.10804	0	
1.67924	3.10939	0	
1.68301	3.09799	1	
1.66055	3.12183	1	
# Depth = 6, x = 1.62500 - 1.65625, y = 3.06250 - 3.09375
1.63691	3.08757	0	
1.65503	3.06595	0	
1.64696	3.09060	0	
1.64484	3.07006	0	
1.64314	3.08522	1	
1.64865	3.08253	1	
1.63324	3.07970	0	
1.65222	3.09117	1	
1.64632	3.07382	0	
1.63163	3.09308	0	
1.63377	3.06526	1	
1.63504	3.06948	1	
1.64771	3.09094	0	
1.63733	3.06566	0	
1.63309	3.06873	0	
1.64065	3.07273	0	
1.63050	3.08122	0	
1.63387	3.08648	1	
1.62709	3.06563	1	
1.65613	3.09031	0	
# Depth = 6, x = 1.65625 - 1.68750, y = 3.06250 - 3.09375
1.66291	3.09169	0	
1.67108	3.08909	1	
1.67219	3.08057	0	
1.68561	3.08745	0	
1.66098	3.08029	1	
1.65901	3.07608	0	
1.67224	3.06735	1	
1.68212	3.09056	1	
1.68400	3.09150	0	
1.66390	3.07609	0	
1.66347	3.09036	0	
1.65906	3.06410	0	
1.68487	3.06287	1	
1.67403	3.06672	1	
1.65984	3.07161	1	
1.68336	3.08175	1	
1.68000	3.08393	0	
1.68350	3.08235	0	
1.68111	3.09227	1	
1.66196	3.09201	0	
# Depth = 6, x = 1.68750 - 1.71875, y = 3.09375 - 3.12500
1.70434	3.11094	1	
1.69266	3.10992	1	
1.70380	3.11036	1	
1.71246	3.09678	0	
1.69286	3.09404	1	
1.71837	3.10130	1	
1.70228	3.10697	0	
1.71301	3.12214	0	
1.70355	3.09802	0	
1.69029	3.11490	1	
1.71463	3.12053	1	
1.70514	3.10727	0	
1.69555	3.11729	0	
1.71669	3.09836	0	
1.70604	3.09667	0	
1.70826	3.11659	1	
1.71750	3.10045	1	
1.69503	3.11390	0	
1.68818	3.09592	1	
1.68813	3.12342	1	
# Depth = 6, x = 1.71875 - 1.75000, y = 3.09375 - 3.12500
1.74855	3.12087	1	
1.74752	3.11939	1	
1.74963	3.12272	0	
1.73000	3.09881	0	
1.72601	3.10377	1	
1.72043	3.09466	1	
1.73883	3.11640	1	
1.74314	3.10854	0	
1.74913	3.10258	0	
1.74431	3.12400	0	
1.73924	3.12064	0	
1.74825	3.09730	0	
1.74360	3.10124	0	
1.73514	3.10916	0	
1.74016	3.11102	1	
1.73422	3.11460	0	
1.74477	3.11429	0	
1.72834	3.09632	0	
1.73870	3.09465	1	
1.74338	3.11028	0	
# Depth = 6, x = 1.68750 - 1.71875, y = 3.06250 - 3.09375
1.69247	3.07800	1	
1.70865	3.07596	1	
1.69528	3.07504	1	
1.70280	3.08040	0	
1.69390	3.06871	1	
1.71265	3.07485	0	
1.71209	3.08309	1	
1.71463	3.08006	0	
1.71198	3.09013	1	
1.71378	3.08502	0	
1.69071	3.07295	0	
1.69307	3.08228	0	
1.70169	3.08322	0	
1.69087	3.08660	1	
1.69208	3.06885	0	
1.70295	3.08675	0	
1.71673	3.09268	1	
1.70867	3.07293	0	
1.70905	3.08016	1	
1.71608	3.09087	1	
# Depth = 6, x = 1.71875 - 1.75000, y = 3.06250 - 3.09375
1.72927	3.09308	0	
1.74658	3.07799	0	
1.73993	3.08296	1	
1.74464	3.08618	0	
1.72844	3.09167	0	
1.73311	3.07194	1	
1.74722	3.07512	1	
1.74557	3.08861	1	
1.73022	3.08175	1	
1.73684	3.07160	1	
1.73964	3.08993	0	
1.72281	3.08735	0	
1.71971	3.07725	1	
1.72856	3.06429	0	
1.72697	3.07598	0	
1.72328	3.08634	1	
1.73998	3.06770	0	
1.72266	3.09350	0	
1.72121	3.08783	0	
1.73146	3.07938	0	
# Depth = 5, x = 1.62500 - 1.68750, y = 3.00000 - 3.06250
1.66401	3.02532	1	
1.68644	3.01136	0	
1.62985	3.05775	0	
1.64103	3.01569	0	
1.68370	3.00823	0	
1.68438	3.05438	0	
1.63863	3.04715	0	
1.62749	3.01208	0	
1.65351	3.00822	1	
1.64294	3.05320	1	
1.67273	3.04081	1	
1.63021	3.02350	0	
1.65645	3.02718	1	
1.67491	3.04179	1	
1.66208	3.02518	1	
1.65935	3.03698	0	
1.64179	3.02861	0	
1.66638	3.05223	1	
1.68389	3.05663	0	
1.63715	3.05213	0	
# Depth = 5, x = 1.68750 - 1.75000, y = 3.00000 - 3.06250
1.74550	3.05307	0	
1.70326	3.05378	0	
1.71012	3.00780	1	
1.71182	3.00441	1	
1.70011	3.05568	1	
1.70460	3.05037	0	
1.72838	3.04481	1	
1.72429	3.04875	0	
1.68804	3.04275	0	
1.74254	3.01199	0	
1.73688	3.01917	1	
1.73452	3.01815	1	
1.70566	3.00304	1	
1.72322	3.05682	1	
1.71448	3.04877	1	
1.69405	3.03055	1	
1.72484	3.05060	1	
1.74853	3.05415	0	
1.69094	3.00724	0	
1.69382	3.03913	1	
# Depth = 5, x = 1.75000 - 1.81250, y = 3.18750 - 3.25000
1.76183	3.20207	1	
1.77085	3.23071	1	
1.78064	3.23489	0	
1.80564	3.23837	1	
1.79036	3.19882	1	
1.77464	3.21044	0	
1.75643	3.20976	0	
1.79886	3.20546	0	
1.79489	3.24081	0	
1.75038	3.21763	0	
1.76277	3.24265	1	
1.76469	3.21509	0	
1.78062	3.23378	1	
1.78509	3.24333	1	
1.75836	3.22204	1	
1.78412	3.24328	0	
1.77461	3.23898	0	
1.75573	3.24876	0	
1.75171	3.21500	0	
1.76526	3.24108	0	
# Depth = 5, x = 1.81250 - 1.87500, y = 3.18750 - 3.25000
1.81571	3.23686	1	
1.83733	3.24665	0	
1.83992	3.21264	1	
1.84547	3.19920	0	
1.84492	3.24670	0	
1.85269	3.20603	1	
1.86840	3.23598	1	
1.86671	3.20079	0	
1.83597	3.19144	0	
1.83211	3.20450	1	
1.87005	3.19277	0	
1.81582	3.22500	0	
1.86801	3.21692	1	
1.85847	3.20257	0	
1.84915	3.22025	1	
1.82989	3.21234	1	
1.86641	3.21912	0	
1.86178	3.24054	1	
1.86021	3.21905	1	
1.82027	3.24070	0	
# Depth = 5, x = 1.75000 - 1.81250, y = 3.12500 - 3.18750
1.80810	3.15135	1	
1.80029	3.16028	0	
1.80660	3.13454	1	
1.79206	3.14619	0	
1.80662	3.14777	1	
1.75899	3.13695	0	
1.80569	3.16949	1	
1.75624	3.13667	1	
1.76582	3.12914	0	
1.81226	3.17499	0	
1.80061	3.14840	1	
1.77031	3.13994	0	
1.79863	3.14550	0	
1.79489	3.18240	1	
1.77472	3.16025	1	
1.78186	3.16327	0	
1.77576	3.18113	1	
1.81243	3.13486	0	
1.78454	3.16840	1	
1.79633	3.15609	0	
# Depth = 6, x = 1.81250 - 1.84375, y = 3.15625 - 3.18750
1.82736	3.17576	0	
1.81880	3.16450	1	
1.83805	3.17643	0	
1.81968	3.17725	0	
1.82113	3.18306	1	
1.83298	3.17759	1	
1.82200	3.18338	0	
1.82570	3.15926	1	
1.82375	3.18434	1	
1.84288	3.17312	0	
1.82905	3.18740	1	
1.82290	3.16335	1	
1.84272	3.17891	0	
1.81783	3.16223	1	
1.81884	3.16217	1	
1.84310	3.17728	1	
1.81959	3.17824	1	
1.81967	3.18749	1	
1.81656	3.18123	0	
1.82531	3.16730	0	
# Depth = 6, x = 1.84375 - 1.87500, y = 3.15625 - 3.18750
1.84837	3.16285	0	
1.85146	3.18513	1	
1.86303	3.16047	1	
1.84886	3.16606	0	
1.86046	3.17010	0	
1.85537	3.18189	0	
1.86886	3.16804	0	
1.84961	3.16629	1	
1.84694	3.18450	0	
1.86759	3.16351	1	
1.85673	3.18125	0	
1.86186	3.17203	1	
1.84784	3.17358	0	
1.84469	3.15936	0	
1.86393	3.15890	1	
1.85781	3.16995	1	
1.85464	3.18098	1	
1.85403	3.17566	1	
1.86563	3.17801	1	
1.86018	3.17138	0	
# Depth = 6, x = 1.81250 - 1.84375, y = 3.12500 - 3.15625
1.82391	3.13994	0	
1.83426	3.15047	1	
1.82887	3.14741	0	
1.82499	3.12503	1	
1.82640	3.13194	0	
1.81687	3.14548	1	
1.82459	3.14736	1	
1.83743	3.13295	1	
1.82920	3.12765	1	
1.82680	3.14679	0	
1.82913	3.15156	1	
1.81457	3.15370	1	
1.82338	3.15038	0	
1.83813	3.13415	0	
1.83641	3.15253	0	
1.82838	3.13664	0	
1.81445	3.15362	0	
1.81371	3.14253	0	
1.82686	3.12790	1	
1.83325	3.14012	0	
# Depth = 6, x = 1.84375 - 1.87500, y = 3.12500 - 3.15625
1.86204	3.15175	1	
1.85020	3.14934	1	
1.84892	3.13150	0	
1.86413	3.14696	1	
1.85827	3.13803	1	
1.85272	3.15265	1	
1.86611	3.14395	1	
1.85867	3.14815	0	
1.86183	3.12712	1	
1.86007	3.14493	1	
1.85176	3.13188	0	
1.85656	3.13191	1	
1.87407	3.13824	0	
1.85818	3.14170	0	
1.86088	3.14248	1	
1.86702	3.14989	1	
1.86901	3.13443	1	
1.86112	3.13886	1	
1.85548	3.14963	0	
1.86059	3.15260	1	
# Depth = 5, x = 1.87500 - 1.93750, y = 3.18750 - 3.25000
1.91061	3.22256	0	
1.93453	3.22207	0	
1.90730	3.19290	1	
1.89330	3.24917	1	
1.93705	3.19864	0	
1.89039	3.23894	0	
1.92579	3.23906	1	
1.93452	3.20060	0	
1.92003	3.22892	0	
1.91090	3.23246	0	
1.93030	3.24071	0	
1.89827	3.24576	1	
1.91915	3.20269	1	
1.88053	3.20541	1	
1.92047	3.19553	1	
1.90329	3.21923	0	
1.88877	3.18808	1	
1.88338	3.19654	0	
1.87643	3.23882	0	
1.88396	3.23854	0	
# Depth = 5, x = 1.93750 - 2.00000, y = 3.18750 - 3.25000
1.95132	3.24657	1	
1.98248	3.19466	1	
1.98766	3.24652	0	
1.95817	3.23308	1	
1.99705	3.22774	0	
1.96406	3.22749	0	
1.94125	3.22272	0	
1.99376	3.22233	1	
1.96674	3.22426	1	
1.98316	3.19086	0	
1.95578	3.20544	1	
1.98317	3.23994	1	
1.95216	3.19541	0	
1.98864	3.22816	0	
1.98196	3.22531	0	
1.94573	3.23744	1	
1.99207	3.24365	0	
1.98422	3.22160	1	
1.99125	3.24225	0	
1.94973	3.22512	0	
# Depth = 6, x = 1.87500 - 1.90625, y = 3.15625 - 3.18750
1.87522	3.16084	1	
1.89100	3.17821	0	
1.88885	3.17366	0	
1.88587	3.17294	0	
1.89103	3.18546	0	
1.88983	3.15638	1	
1.89581	3.16177	1	
1.87919	3.17497	1	
1.88089	3.17069	0	
1.89265	3.18319	1	
1.89551	3.18391	0	
1.90248	3.16161	1	
1.87630	3.18451	1	
1.90165	3.18202	0	
1.88119	3.15737	1	
1.89783	3.18663	0	
1.90404	3.18237	0	
1.88671	3.17247	1	
1.87678	3.17249	0	
1.89904	3.16992	1	
# Depth = 6, x = 1.90625 - 1.93750, y = 3.15625 - 3.18750
1.91480	3.16554	1	
1.92259	3.15689	0	
1.92376	3.18646	1	
1.90768	3.15798	0	
1.93714	3.18634	0	
1.90994	3.16114	1	
1.91282	3.17951	1	
1.91967	3.18157	1	
1.92288	3.17627	0	
1.91787	3.17503	0	
1.90944	3.16996	1	
1.90807	3.15872	1	
1.91563	3.16573	0	
1.91478	3.16232	0	
1.92584	3.15703	0	
1.93555	3.16367	0	
1.91658	3.16343	0	
1.92391	3.17767	1	
1.92353	3.16632	0	
1.92054	3.18587	0	
# Depth = 6, x = 1.87500 - 1.90625, y = 3.12500 - 3.15625
1.88658	3.13131	1	
1.89509	3.13271	0	
1.87770	3.15555	1	
1.89575	3.14356	1	
1.88054	3.14422	0	
1.90422	3.14265	0	
1.89046	3.14887	0	
1.88437	3.14322	1	
1.88665	3.13826	1	
1.90353	3.14173	1	
1.90551	3.12563	1	
1.90034	3.13497	1	
1.88390	3.14654	1	
1.90218	3.15472	1	
1.87632	3.15530	1	
1.90181	3.12592	1	
1.87893	3.14465	1	
1.87953	3.15099	1	
1.90513	3.13056	1	
1.89222	3.14022	1	
# Depth = 6, x = 1.90625 - 1.93750, y = 3.12500 - 3.15625
1.92451	3.13828	0	
1.92950	3.14399	0	
1.93486	3.14640	1	
1.90718	3.14914	1	
1.91817	3.14495	1	
1.92050	3.14763	0	
1.93508	3.12685	1	
1.92288	3.13224	1	
1.90688	3.12846	1	
1.93048	3.13298	0	
1.91004	3.13543	1	
1.93687	3.14375	0	
1.93247	3.14048	1	
1.91745	3.15582	1	
1.93592	3.15098	0	
1.91767	3.14465	0	
1.92740	3.13514	0	
1.91473	3.14316	1	
1.93745	3.13372	1	
1.92319	3.12611	1	
# Depth = 6, x = 1.93750 - 1.96875, y = 3.15625 - 3.18750
1.94119	3.18631	1	
1.96162	3.16922	0	
1.96185	3.15992	1	
1.94410	3.15818	0	
1.94670	3.17401	0	
1.96451	3.17697	0	
1.95706	3.17793	1	
1.95275	3.18244	0	
1.94327	3.16272	1	
1.95569	3.17390	1	
1.94800	3.18158	1	
1.95186	3.17626	0	
1.95718	3.17905	0	
1.95488	3.16600	0	
1.94499	3.17074	1	
1.94477	3.15685	1	
1.93845	3.18495	1	
1.94671	3.17411	0	
1.94079	3.17646	0	
1.94915	3.16456	1	
# Depth = 6, x = 1.96875 - 2.00000, y = 3.15625 - 3.18750
1.99108	3.17081	0	
1.99705	3.16727	1	
1.98940	3.18390	0	
1.97012	3.17020	1	
1.97107	3.18676	0	
1.97195	3.17926	0	
1.98904	3.17327	0	
1.98910	3.17298	0	
1.97798	3.16637	0	
1.99856	3.15637	1	
1.98447	3.18192	1	
1.99682	3.16176	1	
1.98776	3.17335	0	
1.97519	3.18057	1	
1.98127	3.18150	0	
1.96919	3.16398	0	
1.98216	3.16233	1	
1.98637	3.17533	0	
1.96933	3.17790	1	
1.97723	3.17752	0	
# Depth = 6, x = 1.93750 - 1.96875, y = 3.12500 - 3.15625
1.94578	3.14775	1	
1.93809	3.14934	1	
1.94124	3.15537	1	
1.96143	3.13124	1	
1.96476	3.15532	1	
1.94729	3.14592	1	
1.94337	3.14402	0	
1.96337	3.12672	1	
1.95101	3.13019	0	
1.94777	3.14310	0	
1.95105	3.15290	1	
1.95007	3.15572	0	
1.96796	3.13344	0	
1.93953	3.15370	1	
1.94073	3.12568	0	
1.94971	3.14309	1	
1.95655	3.13648	1	
1.96460	3.14404	0	
1.94627	3.14573	1	
1.95222	3.12916	1	
# Depth = 6, x = 1.96875 - 2.00000, y = 3.12500 - 3.15625
1.97159	3.13722	0	
1.99363	3.15285	0	
1.97658	3.13243	1	
1.97243	3.14224	0	
1.99394	3.12798	1	
1.97991	3.14737	1	
1.98114	3.14582	1	
1.99738	3.12730	0	
1.98842	3.14518	0	
1.98991	3.15040	0	
1.99621	3.14047	1	
1.99026	3.15305	1	
1.97394	3.14215	1	
1.98889	3.14388	1	
1.99561	3.14068	0	
1.98979	3.12689	0	
1.99331	3.12644	0	
1.98801	3.14954	1	
1.99161	3.15368	1	
1.98401	3.12779	0	
# Depth = 6, x = 1.75000 - 1.78125, y = 3.09375 - 3.12500
1.75132	3.11588	1	
1.76392	3.10236	1	
1.76323	3.09824	1	
1.75265	3.09553	1	
1.75820	3.10662	0	
1.75935	3.11129	0	
1.77696	3.12036	1	
1.76392	3.11171	0	
1.77734	3.10283	1	
1.76111	3.11033	0	
1.75870	3.10015	0	
1.77475	3.09384	1	
1.75441	3.10414	1	
1.75849	3.11316	0	
1.76841	3.10979	0	
1.77560	3.10847	0	
1.76662	3.11445	0	
1.77203	3.12361	0	
1.75380	3.12247	0	
1.76409	3.11819	1	
# Depth = 6, x = 1.78125 - 1.81250, y = 3.09375 - 3.12500
1.78690	3.11183	0	
1.78785	3.10623	0	
1.78906	3.10251	0	
1.79358	3.11090	1	
1.79624	3.10537	0	
1.78216	3.12298	1	
1.80279	3.11439	1	
1.78963	3.10041	0	
1.79464	3.11044	1	
1.80243	3.10980	1	
1.79380	3.12103	1	
1.80505	3.11505	1	
1.79228	3.11490	1	
1.78743	3.12033	0	
1.78568	3.12039	1	
1.79702	3.11620	0	
1.80881	3.09938	1	
1.78783	3.09833	0	
1.78388	3.09963	1	
1.79044	3.09467	0	
# Depth = 6, x = 1.75000 - 1.78125, y = 3.06250 - 3.09375
1.75822	3.07016	1	
1.77942	3.08636	0	
1.76541	3.07501	1	
1.75931	3.08307	1	
1.78012	3.06643	1	
1.75477	3.07018	1	
1.76744	3.07657	1	
1.76929	3.09082	0	
1.76313	3.06809	1	
1.75543	3.08995	0	
1.76871	3.07982	1	
1.76459	3.08145	0	
1.77202	3.06676	1	
1.75106	3.06284	1	
1.77285	3.08206	1	
1.76173	3.07615	0	
1.75718	3.06500	1	
1.76796	3.09179	1	
1.75917	3.06877	0	
1.76919	3.07832	0	
# Depth = 6, x = 1.78125 - 1.81250, y = 3.06250 - 3.09375
1.78256	3.08350	1	
1.80412	3.07312	1	
1.78487	3.09254	1	
1.79518	3.06872	1	
1.80124	3.09198	0	
1.79205	3.08338	1	
1.80485	3.08246	0	
1.80236	3.06379	0	
1.79472	3.07186	0	
1.80464	3.09154	1	
1.78689	3.08502	0	
1.79649	3.09057	1	
1.78608	3.09097	1	
1.79546	3.08376	1	
1.78719	3.08832	1	
1.81172	3.08870	1	
1.81086	3.08496	1	
1.78649	3.06964	0	
1.80562	3.07978	1	
1.80996	3.07364	0	
# Depth = 6, x = 1.81250 - 1.84375, y = 3.09375 - 3.12500
1.84310	3.09554	1	
1.84365	3.11620	1	
1.84039	3.12229	1	
1.81297	3.12174	0	
1.81478	3.10978	1	
1.82381	3.11376	1	
1.82039	3.11443	1	
1.83899	3.09629	1	
1.81968	3.11088	1	
1.82986	3.12195	0	
1.83604	3.10168	1	
1.81870	3.10820	1	
1.82053	3.12325	1	
1.81269	3.09925	1	
1.82364	3.11302	0	
1.82687	3.11987	0	
1.82741	3.11070	0	
1.82851	3.11068	1	
1.81830	3.10763	1	
1.82721	3.12337	1	
# Depth = 6, x = 1.84375 - 1.87500, y = 3.09375 - 3.12500
1.86130	3.10356	1	
1.85176	3.11685	0	
1.84540	3.11524	1	
1.84483	3.10073	1	
1.86735	3.10554	0	
1.86695	3.12301	1	
1.85708	3.10385	0	
1.84639	3.10359	1	
1.85118	3.11103	1	
1.84915	3.11915	0	
1.84442	3.12294	1	
1.84908	3.12220	1	
1.84641	3.10315	0	
1.86598	3.12039	0	
1.86027	3.12041	1	
1.86112	3.12464	0	
1.85847	3.10010	0	
1.85752	3.10886	1	
1.84564	3.11131	0	
1.85187	3.09736	1	
# Depth = 6, x = 1.81250 - 1.84375, y = 3.06250 - 3.09375
1.83341	3.06545	0	
1.83070	3.06495	0	
1.82020	3.06435	1	
1.82880	3.08968	1	
1.84008	3.09222	0	
1.82562	3.08674	0	
1.84136	3.08305	0	
1.82022	3.09286	0	
1.81371	3.07951	1	
1.84074	3.09108	0	
1.82725	3.08305	1	
1.83461	3.06448	0	
1.83884	3.08997	0	
1.84165	3.08258	1	
1.82206	3.09146	0	
1.83573	3.08651	1	
1.83736	3.09210	0	
1.82901	3.06651	0	
1.82408	3.08752	1	
1.82351	3.08136	1	
# Depth = 6, x = 1.84375 - 1.87500, y = 3.06250 - 3.09375
1.84689	3.08049	0	
1.84762	3.06972	0	
1.86225	3.09320	0	
1.87214	3.07506	0	
1.87059	3.08049	0	
1.86430	3.07320	0	
1.86583	3.08068	0	
1.87174	3.06412	1	
1.85804	3.09154	1	
1.84752	3.08526	0	
1.86469	3.09163	1	
1.85151	3.07508	0	
1.87475	3.08366	0	
1.85543	3.06474	0	
1.86246	3.07305	0	
1.86150	3.06513	0	
1.85149	3.08259	1	
1.85693	3.08088	1	
1.86001	3.08984	0	
1.85081	3.07406	0	
# Depth = 5, x = 1.75000 - 1.81250, y = 3.00000 - 3.06250
1.75665	3.01071	1	
1.75071	3.01084	0	
1.79760	3.04460	0	
1.79514	3.00588	1	
1.80978	3.01276	1	
1.78151	3.00230	0	
1.77077	3.02887	1	
1.76522	3.03006	1	
1.80160	3.02069	1	
1.78205	3.04293	1	
1.80623	3.04257	0	
1.77999	3.04734	0	
1.77813	3.01779	1	
1.77128	3.03298	1	
1.76905	3.03893	0	
1.76982	3.05692	1	
1.78848	3.02833	0	
1.75748	3.03196	1	
1.77179	3.05816	1	
1.80724	3.01400	0	
# Depth = 6, x = 1.81250 - 1.84375, y = 3.03125 - 3.06250
1.83265	3.05336	1	
1.81646	3.05926	0	
1.81855	3.05816	0	
1.82147	3.03997	0	
1.82286	3.05473	1	
1.83626	3.04975	1	
1.81982	3.05249	1	
1.83373	3.03397	0	
1.83927	3.03710	1	
1.83610	3.03999	1	
1.82720	3.05532	0	
1.82586	3.03694	1	
1.82706	3.05447	0	
1.83679	3.03683	0	
1.83003	3.06184	1	
1.83347	3.03924	0	
1.82023	3.06087	0	
1.81688	3.03719	1	
1.81256	3.03411	1	
1.82299	3.03805	1	
# Depth = 6, x = 1.84375 - 1.87500, y = 3.03125 - 3.06250
1.86734	3.05967	1	
1.85836	3.05968	1	
1.86289	3.05921	0	
1.85026	3.05560	1	
1.86854	3.03920	1	
1.86774	3.03251	1	
1.84724	3.03882	0	
1.84961	3.04029	0	
1.85797	3.03471	0	
1.86332	3.04248	0	
1.85738	3.04802	0	
1.86590	3.06217	0	
1.86663	3.03925	1	
1.86818	3.05607	0	
1.84716	3.03387	1	
1.86928	3.03931	0	
1.87495	3.04024	0	
1.85947	3.05950	1	
1.87288	3.05108	0	
1.85146	3.05028	0	
# Depth = 6, x = 1.81250 - 1.84375, y = 3.00000 - 3.03125
1.82312	3.00351	1	
1.81509	3.01680	1	
1.81569	3.02080	1	
1.82254	3.00822	1	
1.81500	3.00541	0	
1.84140	3.01756	0	
1.82460	3.00184	1	
1.84369	3.00785	0	
1.82920	3.02520	1	
1.82960	3.02013	0	
1.83243	3.01537	1	
1.82648	3.01980	0	
1.82351	3.00919	1	
1.83269	3.03008	0	
1.82872	3.01332	1	
1.83899	3.02332	1	
1.81260	3.01940	0	
1.81623	3.00807	1	
1.83873	3.00228	1	
1.81634	3.01255	1	
# Depth = 6, x = 1.84375 - 1.87500, y = 3.00000 - 3.03125
1.86133	3.02175	0	
1.86504	3.00842	1	
1.85397	3.02413	0	
1.85753	3.00747	1	
1.86036	3.02066	1	
1.85335	3.01940	0	
1.87363	3.03044	0	
1.85443	3.00977	1	
1.86410	3.01979	1	
1.86458	3.03113	0	
1.86055	3.00638	0	
1.87126	3.00878	0	
1.84887	3.03076	1	
1.87328	3.02589	1	
1.86474	3.00093	1	
1.87362	3.02223	1	
1.85472	3.02875	1	
1.84648	3.01374	1	
1.87389	3.02452	0	
1.84432	3.00255	1	
# Depth = 6, x = 1.87500 - 1.90625, y = 3.09375 - 3.12500
1.88167	3.10661	1	
1.87539	3.11052	0	
1.89745	3.12405	1	
1.89338	3.11883	1	
1.89406	3.09899	0	
1.88944	3.10690	0	
1.90066	3.11433	1	
1.89686	3.11257	0	
1.88886	3.11895	1	
1.88304	3.11599	0	
1.88874	3.10737	1	
1.90005	3.11348	0	
1.90435	3.11103	1	
1.88886	3.09689	1	
1.90076	3.10291	0	
1.89943	3.10604	1	
1.89212	3.10793	0	
1.88724	3.09964	0	
1.89570	3.12016	1	
1.87547	3.10470	0	
# Depth = 6, x = 1.90625 - 1.93750, y = 3.09375 - 3.12500
1.90823	3.11057	1	
1.90920	3.10992	0	
1.92263	3.10578	0	
1.93456	3.11155	1	
1.91080	3.10780	1	
1.91674	3.12136	1	
1.91387	3.11114	1	
1.93225	3.12468	1	
1.90649	3.09822	1	
1.93467	3.09880	0	
1.93137	3.12396	0	
1.91263	3.09415	0	
1.92954	3.10919	0	
1.93206	3.10387	0	
1.91306	3.11545	0	
1.93612	3.12017	1	
1.92199	3.09910	0	
1.91548	3.12023	0	
1.93298	3.10995	0	
1.92090	3.10274	0	
# Depth = 6, x = 1.87500 - 1.90625, y = 3.06250 - 3.09375
1.87607	3.06336	1	
1.88933	3.07881	1	
1.89813	3.08661	0	
1.89360	3.07841	0	
1.87519	3.06589	1	
1.90578	3.09343	0	
1.90182	3.08023	1	
1.90323	3.07687	1	
1.89313	3.06509	0	
1.88418	3.08656	0	
1.89709	3.09311	0	
1.88159	3.06784	0	
1.89341	3.07909	0	
1.90513	3.07639	0	
1.90306	3.09285	0	
1.90529	3.06437	0	
1.90129	3.06984	1	
1.89744	3.08183	1	
1.87958	3.09013	1	
1.88627	3.07240	1	
# Depth = 6, x = 1.90625 - 1.93750, y = 3.06250 - 3.09375
1.92254	3.07259	0	
1.92321	3.08709	1	
1.93512	3.06763	0	
1.92772	3.07631	0	
1.91494	3.06788	1	
1.91270	3.06881	0	
1.93650	3.07400	1	
1.92108	3.06383	1	
1.91763	3.08252	0	
1.91892	3.07890	0	
1.91708	3.09229	0	
1.93604	3.08062	0	
1.90968	3.06541	0	
1.93292	3.07945	0	
1.91432	3.09019	0	
1.91533	3.06750	0	
1.90890	3.06476	1	
1.93589	3.08767	0	
1.90958	3.08528	0	
1.91516	3.09244	0	
# Depth = 6, x = 1.93750 - 1.96875, y = 3.09375 - 3.12500
1.96264	3.10640	0	
1.94214	3.11768	0	
1.95193	3.11037	1	
1.96649	3.11325	0	
1.94451	3.12107	0	
1.94767	3.09684	0	
1.95007	3.11770	0	
1.96751	3.10301	0	
1.95749	3.09654	0	
1.95561	3.11215	1	
1.94165	3.11008	1	
1.95151	3.10281	0	
1.95599	3.12352	1	
1.94180	3.10855	1	
1.95032	3.09531	0	
1.93782	3.12497	1	
1.95345	3.10395	0	
1.93796	3.10238	0	
1.94077	3.12017	0	
1.94256	3.10434	0	
# Depth = 6, x = 1.96875 - 2.00000, y = 3.09375 - 3.12500
1.96986	3.10942	0	
1.99917	3.11477	1	
1.97112	3.09766	0	
1.98907	3.10962	0	
1.99945	3.10193	0	
1.98561	3.11778	1	
1.98347	3.11462	1	
1.97891	3.10651	0	
1.98661	3.11941	0	
1.99984	3.10350	1	
1.99928	3.12114	0	
1.97371	3.11456	1	
1.97503	3.10136	0	
1.97433	3.11222	0	
1.97130	3.09792	0	
1.99204	3.10691	0	
1.97392	3.11028	0	
1.98060	3.11464	1	
1.98035	3.11043	1	
1.99401	3.11340	0	
# Depth = 6, x = 1.93750 - 1.96875, y = 3.06250 - 3.09375
1.96658	3.08019	1	
1.96427	3.08766	1	
1.94414	3.07351	1	
1.94602	3.08935	0	
1.96188	3.07514	0	
1.96722	3.06448	0	
1.95568	3.07004	1	
1.94873	3.09229	0	
1.94724	3.08893	0	
1.96136	3.08831	0	
1.93897	3.06749	1	
1.95193	3.08921	1	
1.96420	3.08820	0	
1.96026	3.07589	0	
1.94166	3.07885	1	
1.96641	3.08639	0	
1.95471	3.07734	1	
1.95793	3.09011	0	
1.95399	3.07630	1	
1.96830	3.07833	0	
# Depth = 6, x = 1.96875 - 2.00000, y = 3.06250 - 3.09375
1.96910	3.06987	0	
1.96931	3.07625	0	
1.98184	3.07052	0	
1.98040	3.09049	1	
1.98131	3.09336	1	
1.99938	3.07807	0	
1.99613	3.06742	1	
1.96941	3.07809	0	
1.99808	3.07002	1	
1.99094	3.08635	0	
1.97980	3.06996	1	
1.98318	3.08392	1	
1.97118	3.08411	1	
1.98085	3.08890	1	
1.97878	3.06469	0	
1.99975	3.06418	1	
1.97019	3.06499	1	
1.97462	3.09037	0	
1.99145	3.08459	0	
1.97909	3.06298	1	
# Depth = 6, x = 1.87500 - 1.90625, y = 3.03125 - 3.06250
1.87805	3.05269	1	
1.88705	3.04309	1	
1.89860	3.04236	0	
1.88474	3.05926	0	
1.88485	3.05336	0	
1.88831	3.04425	0	
1.88496	3.05386	0	
1.88355	3.04152	1	
1.88904	3.05557	0	
1.89332	3.04566	0	
1.89622	3.05237	0	
1.90527	3.04829	0	
1.90360	3.05508	1	
1.88577	3.04216	1	
1.90394	3.04749	0	
1.88883	3.03395	1	
1.88602	3.03443	1	
1.89835	3.04756	1	
1.88272	3.04008	1	
1.88559	3.03296	1	
# Depth = 6, x = 1.90625 - 1.93750, y = 3.03125 - 3.06250
1.92549	3.05975	1	
1.91596	3.03853	0	
1.91580	3.06221	1	
1.91053	3.04485	1	
1.93309	3.03140	0	
1.92538	3.03201	1	
1.92650	3.05707	0	
1.92621	3.05336	1	
1.91366	3.04658	1	
1.90782	3.03311	1	
1.93546	3.04381	1	
1.92976	3.03930	1	
1.93722	3.05496	1	
1.91764	3.05474	0	
1.93717	3.06222	1	
1.91306	3.04631	1	
1.91602	3.03930	0	
1.90795	3.03273	0	
1.91831	3.05182	0	
1.91340	3.04279	1	
# Depth = 6, x = 1.87500 - 1.90625, y = 3.00000 - 3.03125
1.90344	3.02417	1	
1.88901	3.01196	0	
1.90097	3.03124	1	
1.88502	3.02059	1	
1.89929	3.02219	1	
1.88756	3.00861	1	
1.90545	3.01057	0	
1.87740	3.00799	0	
1.88144	3.01871	1	
1.88621	3.00666	0	
1.89560	3.02307	0	
1.89774	3.01822	0	
1.89525	3.01827	1	
1.89844	3.00093	0	
1.87922	3.01113	0	
1.90562	3.00414	0	
1.88720	3.02468	0	
1.90567	3.02443	0	
1.88055	3.00551	1	
1.87807	3.01775	1	
# Depth = 6, x = 1.90625 - 1.93750, y = 3.00000 - 3.03125
1.93165	3.00394	0	
1.92485	3.01918	0	
1.92457	3.01379	1	
1.91497	3.00385	1	
1.93621	3.00537	0	
1.92798	3.01671	1	
1.93118	3.03114	0	
1.91894	3.02793	1	
1.91880	3.00625	0	
1.92345	3.02850	1	
1.91819	3.00385	1	
1.92903	3.01988	1	
1.92014	3.02066	1	
1.91207	3.02999	0	
1.92255	3.01389	0	
1.91137	3.02594	0	
1.92217	3.01691	0	
1.92918	3.02789	1	
1.91404	3.01769	1	
1.92575	3.02589	0	
# Depth = 6, x = 1.93750 - 1.96875, y = 3.03125 - 3.06250
1.95390	3.03433	1	
1.94736	3.04979	0	
1.96248	3.03882	1	
1.94003	3.03644	0	
1.93896	3.05312	0	
1.94939	3.04284	0	
1.96211	3.04083	1	
1.95453	3.03508	1	
1.96775	3.05133	1	
1.95913	3.04683	1	
1.94247	3.04988	0	
1.95831	3.05902	1	
1.96050	3.04644	1	
1.94137	3.06045	0	
1.93831	3.03627	1	
1.94480	3.05392	0	
1.93869	3.05358	0	
1.94211	3.04753	0	
1.94946	3.05586	0	
1.95970	3.05355	0	
# Depth = 6, x = 1.96875 - 2.00000, y = 3.03125 - 3.06250
1.99396	3.03790	1	
1.99321	3.05539	0	
1.97690	3.04390	0	
1.97339	3.04293	1	
1.99904	3.03913	1	
1.99246	3.06206	0	
1.98004	3.04232	1	
1.98854	3.06047	0	
1.98696	3.05889	1	
1.97047	3.04044	1	
1.99027	3.04677	0	
1.98406	3.03774	1	
1.97506	3.05191	1	
1.97877	3.03469	1	
1.97266	3.03901	1	
1.97456	3.05780	0	
1.99557	3.04328	1	
1.98752	3.04691	0	
1.97925	3.03194	0	
1.98490	3.05273	0	
# Depth = 6, x = 1.93750 - 1.96875, y = 3.00000 - 3.03125
1.95690	3.00268	0	
1.95020	3.01273	0	
1.96543	3.00807	1	
1.94889	3.03108	1	
1.96129	3.02757	0	
1.96092	3.00333	1	
1.94227	3.00463	1	
1.94444	3.02598	1	
1.96625	3.00080	0	
1.96166	3.02970	0	
1.96790	3.01780	1	
1.96483	3.02473	1	
1.94868	3.01005	1	
1.95626	3.02272	0	
1.94436	3.01133	0	
1.94857	3.00626	0	
1.93925	3.00834	1	
1.96198	3.00310	1	
1.94765	3.02257	0	
1.94576	3.02047	0	
# Depth = 6, x = 1.96875 - 2.00000, y = 3.00000 - 3.03125
1.99333	3.01613	0	
1.96938	3.02302	1	
1.97902	3.01246	0	
1.97646	3.01129	0	
1.98781	3.01513	0	
1.99300	3.00304	0	
1.97771	3.01029	0	
1.98195	3.01080	0	
1.97297	3.00561	0	
1.98418	3.02652	1	
1.99404	3.01763	1	
1.98424	3.00363	0	
1.97224	3.02216	0	
1.98729	3.02130	1	
1.98009	3.01218	0	
1.97369	3.01721	1	
1.97050	3.01362	1	
1.97204	3.02178	0	
1.99237	3.02738	1	
1.98264	3.02334	1	
