# x 	 y 	 value
# Depth = 4, x = 0.00000 - 0.06250, y = 0.51250 - 0.55000
0.00374	0.51917	0.0	
0.05364	0.53455	0.0	
0.00305	0.52391	0.0	
0.03585	0.54902	0.0	
0.05379	0.52909	0.0	
0.05480	0.51672	0.0	
0.04961	0.51558	0.0	
0.03830	0.52511	0.0	
0.02059	0.52300	0.0	
0.02355	0.54534	0.0	
0.02008	0.52037	0.0	
0.03645	0.54851	0.0	
# Depth = 4, x = 0.06250 - 0.12500, y = 0.51250 - 0.55000
0.08461	0.54209	0.0	
0.10132	0.54087	0.0	
0.06321	0.54645	0.0	
0.08585	0.52709	0.0	
0.11053	0.51870	0.0	
0.11666	0.53380	0.0	
0.06388	0.53683	0.0	
0.11749	0.53455	0.0	
0.07152	0.51558	0.0	
0.09621	0.54182	0.0	
0.07166	0.51789	0.0	
0.11952	0.51822	0.0	
# Depth = 4, x = 0.00000 - 0.06250, y = 0.47500 - 0.51250
0.04323	0.51231	0.0	
0.05877	0.49153	0.0	
0.01426	0.49066	0.0	
0.02730	0.48102	0.0	
0.03223	0.50095	0.0	
0.03134	0.48052	0.0	
0.04992	0.48053	0.0	
0.03540	0.48003	0.0	
0.03155	0.49621	0.0	
0.03497	0.49531	0.0	
0.00385	0.47755	0.0	
0.02402	0.51111	0.0	
# Depth = 4, x = 0.06250 - 0.12500, y = 0.47500 - 0.51250
0.11239	0.50527	0.0	
0.11587	0.51216	0.0	
0.08061	0.49323	0.0	
0.07713	0.48149	0.0	
0.10087	0.49389	0.0	
0.09697	0.48851	0.0	
0.07767	0.50448	0.0	
0.08367	0.50210	0.0	
0.08724	0.50102	0.0	
0.12302	0.48921	0.0	
0.08045	0.48909	0.0	
0.06731	0.48577	0.0	
# Depth = 3, x = 0.12500 - 0.25000, y = 0.47500 - 0.55000
0.13283	0.50180	0.0	
0.18441	0.53005	0.0	
0.23336	0.51975	0.0	
0.16611	0.52574	0.0	
0.18008	0.54595	0.0	
0.21534	0.54107	0.0	
0.24474	0.49029	0.0	
0.17874	0.51934	0.0	
0.23267	0.49809	0.0	
0.13451	0.51192	0.0	
0.12689	0.53432	0.0	
0.19285	0.53355	0.0	
# Depth = 6, x = 0.00000 - 0.01562, y = 0.46563 - 0.47500
0.00848	0.47026	0.0	
0.01511	0.47085	0.0	
0.00416	0.47305	1.0	
0.00031	0.46977	0.0	
0.00380	0.46974	0.0	
0.00741	0.47048	0.0	
0.00877	0.46942	1.0	
0.01466	0.46901	0.0	
0.00818	0.47300	0.0	
0.00157	0.46618	0.0	
0.01269	0.47386	0.0	
0.00448	0.47225	0.0	
# Depth = 6, x = 0.01562 - 0.03125, y = 0.46563 - 0.47500
0.02159	0.47010	0.0	
0.02797	0.46598	0.0	
0.01996	0.47245	0.0	
0.02689	0.46941	0.0	
0.02747	0.47388	0.0	
0.02161	0.47279	0.0	
0.02136	0.46627	0.0	
0.02859	0.47440	0.0	
0.03117	0.47243	0.0	
0.02672	0.47137	0.0	
0.03053	0.46757	0.0	
0.02523	0.47143	0.0	
# Depth = 6, x = 0.00000 - 0.01562, y = 0.45625 - 0.46563
0.00376	0.45923	0.0	
0.01232	0.46436	1.0	
0.00459	0.45803	1.0	
0.01172	0.46485	0.0	
0.00486	0.46518	0.0	
0.00390	0.45696	0.0	
0.01380	0.46430	0.0	
0.01325	0.46357	0.0	
0.00272	0.46107	0.0	
0.00999	0.46475	0.0	
0.00036	0.45845	0.0	
0.00512	0.46485	1.0	
# Depth = 6, x = 0.01562 - 0.03125, y = 0.45625 - 0.46563
0.02861	0.45636	0.0	
0.02077	0.45952	0.0	
0.02090	0.45682	0.0	
0.02780	0.46442	0.0	
0.03052	0.45870	0.0	
0.02732	0.45770	0.0	
0.02972	0.46076	0.0	
0.01591	0.46546	1.0	
0.01690	0.45888	0.0	
0.03011	0.46281	0.0	
0.02598	0.46147	0.0	
0.01722	0.46519	0.0	
# Depth = 6, x = 0.03125 - 0.04688, y = 0.46563 - 0.47500
0.03740	0.46817	0.0	
0.04161	0.47234	0.0	
0.04239	0.47019	0.0	
0.03759	0.46567	0.0	
0.03571	0.47182	0.0	
0.03820	0.46892	0.0	
0.03307	0.47164	0.0	
0.04034	0.46930	0.0	
0.04227	0.46609	0.0	
0.03850	0.46584	1.0	
0.04544	0.46768	0.0	
0.04357	0.47197	0.0	
# Depth = 6, x = 0.04688 - 0.06250, y = 0.46563 - 0.47500
0.04971	0.47491	0.0	
0.05558	0.47256	0.0	
0.05016	0.47102	0.0	
0.05812	0.46952	0.0	
0.05223	0.46617	0.0	
0.05700	0.47252	0.0	
0.05422	0.47225	0.0	
0.05189	0.47352	0.0	
0.04864	0.47112	0.0	
0.04808	0.47472	0.0	
0.05938	0.47064	0.0	
0.04954	0.46892	0.0	
# Depth = 6, x = 0.03125 - 0.04688, y = 0.45625 - 0.46563
0.03855	0.45727	0.0	
0.04501	0.46379	0.0	
0.04239	0.46066	0.0	
0.04387	0.45849	0.0	
0.03853	0.45682	0.0	
0.03340	0.45776	1.0	
0.03453	0.45875	0.0	
0.03557	0.46233	0.0	
0.03872	0.45942	0.0	
0.04459	0.46132	0.0	
0.03454	0.46093	1.0	
0.03790	0.46417	0.0	
# Depth = 6, x = 0.04688 - 0.06250, y = 0.45625 - 0.46563
0.05171	0.45644	1.0	
0.05203	0.45671	0.0	
0.05784	0.46511	0.0	
0.05986	0.46347	0.0	
0.05134	0.46330	0.0	
0.06025	0.46231	0.0	
0.05450	0.45900	0.0	
0.05335	0.45664	0.0	
0.06210	0.45656	0.0	
0.05207	0.46296	0.0	
0.05504	0.46295	0.0	
0.05711	0.46325	0.0	
# Depth = 6, x = 0.00000 - 0.01562, y = 0.44688 - 0.45625
0.01299	0.45450	1.0	
0.00514	0.45224	0.0	
0.00028	0.44817	0.0	
0.00690	0.45010	0.0	
0.01163	0.44890	0.0	
0.00970	0.45121	0.0	
0.00936	0.45624	1.0	
0.00454	0.44717	1.0	
0.00010	0.45232	0.0	
0.00387	0.44893	1.0	
0.00677	0.44976	0.0	
0.01075	0.44998	0.0	
# Depth = 6, x = 0.01562 - 0.03125, y = 0.44688 - 0.45625
0.01700	0.44933	1.0	
0.02902	0.44721	1.0	
0.02353	0.44694	0.0	
0.02301	0.45052	0.0	
0.02117	0.45214	1.0	
0.01780	0.44775	0.0	
0.02390	0.45576	0.0	
0.02544	0.44760	0.0	
0.02454	0.45446	0.0	
0.02223	0.45441	1.0	
0.01575	0.45529	1.0	
0.01591	0.44826	0.0	
# Depth = 6, x = 0.00000 - 0.01562, y = 0.43750 - 0.44688
0.00415	0.44666	1.0	
0.00707	0.43919	0.0	
0.00590	0.44358	1.0	
0.00430	0.44435	1.0	
0.00622	0.43765	1.0	
0.01060	0.44244	1.0	
0.01512	0.43787	1.0	
0.00067	0.44591	1.0	
0.00645	0.44094	1.0	
0.00948	0.43825	0.0	
0.01086	0.44032	1.0	
0.00942	0.44075	1.0	
# Depth = 6, x = 0.01562 - 0.03125, y = 0.43750 - 0.44688
0.02372	0.44526	0.0	
0.02824	0.43829	1.0	
0.02700	0.44278	0.0	
0.02451	0.44569	0.0	
0.02061	0.43900	1.0	
0.02733	0.44533	0.0	
0.01750	0.44519	1.0	
0.01966	0.43855	1.0	
0.02066	0.44553	0.0	
0.01886	0.44608	1.0	
0.02043	0.44218	0.0	
0.01786	0.44601	0.0	
# Depth = 6, x = 0.03125 - 0.04688, y = 0.44688 - 0.45625
0.03593	0.44699	0.0	
0.03575	0.45612	0.0	
0.03380	0.44721	1.0	
0.04556	0.44972	0.0	
0.03884	0.45513	0.0	
0.03290	0.45244	1.0	
0.03201	0.45499	1.0	
0.03422	0.45395	0.0	
0.04487	0.45592	0.0	
0.03575	0.44981	0.0	
0.03586	0.45133	1.0	
0.03802	0.44810	0.0	
# Depth = 6, x = 0.04688 - 0.06250, y = 0.44688 - 0.45625
0.05176	0.45586	1.0	
0.06187	0.45417	0.0	
0.04953	0.45570	0.0	
0.05080	0.45244	0.0	
0.05134	0.45035	0.0	
0.05839	0.44890	0.0	
0.06243	0.45279	0.0	
0.06037	0.44725	1.0	
0.05004	0.44694	0.0	
0.04862	0.44967	0.0	
0.05230	0.45124	0.0	
0.05624	0.45522	1.0	
# Depth = 6, x = 0.03125 - 0.04688, y = 0.43750 - 0.44688
0.04300	0.44497	0.0	
0.03522	0.44197	1.0	
0.03967	0.44394	1.0	
0.03252	0.44112	0.0	
0.04219	0.44251	0.0	
0.03889	0.43786	0.0	
0.04629	0.44240	1.0	
0.03479	0.43983	1.0	
0.03857	0.43907	0.0	
0.04512	0.44158	1.0	
0.04156	0.43976	0.0	
0.03783	0.44050	0.0	
# Depth = 6, x = 0.04688 - 0.06250, y = 0.43750 - 0.44688
0.05006	0.44195	0.0	
0.05090	0.44044	0.0	
0.05454	0.44159	0.0	
0.05904	0.44370	0.0	
0.04795	0.43878	1.0	
0.06016	0.44570	0.0	
0.05736	0.43877	0.0	
0.05736	0.44172	0.0	
0.04955	0.44097	0.0	
0.06115	0.44199	0.0	
0.04979	0.44674	0.0	
0.06192	0.43960	0.0	
# Depth = 4, x = 0.06250 - 0.12500, y = 0.43750 - 0.47500
0.06596	0.45861	0.0	
0.09067	0.46532	0.0	
0.07374	0.45875	0.0	
0.06321	0.45554	0.0	
0.07552	0.44274	0.0	
0.10309	0.46387	0.0	
0.08137	0.45477	0.0	
0.06624	0.46168	0.0	
0.06251	0.43961	0.0	
0.11147	0.46249	1.0	
0.08742	0.45760	0.0	
0.08238	0.45148	1.0	
# Depth = 6, x = 0.00000 - 0.01562, y = 0.42812 - 0.43750
0.00197	0.43009	1.0	
0.01473	0.43001	1.0	
0.00133	0.42891	1.0	
0.00594	0.43690	1.0	
0.01215	0.42827	1.0	
0.01048	0.43043	1.0	
0.01270	0.43186	0.0	
0.01252	0.43729	1.0	
0.01533	0.43515	0.0	
0.00487	0.43669	1.0	
0.01285	0.43609	0.0	
0.01370	0.42921	1.0	
# Depth = 6, x = 0.01562 - 0.03125, y = 0.42812 - 0.43750
0.01762	0.43385	0.0	
0.01573	0.43277	1.0	
0.02867	0.43256	1.0	
0.02123	0.42941	0.0	
0.02948	0.42941	0.0	
0.02123	0.43337	0.0	
0.02682	0.43490	1.0	
0.02598	0.43360	1.0	
0.02585	0.43508	1.0	
0.01710	0.43008	1.0	
0.02576	0.42842	1.0	
0.02659	0.43119	0.0	
# Depth = 6, x = 0.00000 - 0.01562, y = 0.41875 - 0.42812
0.00795	0.41969	1.0	
0.00818	0.42018	1.0	
0.00301	0.41981	1.0	
0.00571	0.42552	1.0	
0.00509	0.42275	1.0	
0.00438	0.42261	1.0	
0.01343	0.42548	1.0	
0.00066	0.41900	1.0	
0.01141	0.41934	1.0	
0.00558	0.42580	1.0	
0.00083	0.42146	1.0	
0.00927	0.42683	1.0	
# Depth = 6, x = 0.01562 - 0.03125, y = 0.41875 - 0.42812
0.02786	0.42656	0.0	
0.02746	0.42415	0.0	
0.03024	0.42406	1.0	
0.02252	0.42268	1.0	
0.02908	0.41923	0.0	
0.01874	0.42649	1.0	
0.01921	0.42296	0.0	
0.01658	0.42705	1.0	
0.01730	0.42749	1.0	
0.02887	0.42774	1.0	
0.02133	0.42418	1.0	
0.01704	0.41978	1.0	
# Depth = 6, x = 0.03125 - 0.04688, y = 0.42812 - 0.43750
0.04325	0.43589	0.0	
0.04254	0.43209	0.0	
0.04554	0.43578	1.0	
0.03713	0.43114	1.0	
0.03366	0.42863	1.0	
0.04231	0.43745	1.0	
0.03329	0.42890	0.0	
0.03247	0.43183	0.0	
0.04615	0.43230	1.0	
0.03977	0.43663	0.0	
0.03805	0.43062	0.0	
0.04030	0.43405	0.0	
# Depth = 6, x = 0.04688 - 0.06250, y = 0.42812 - 0.43750
0.05409	0.43390	1.0	
0.06085	0.42827	0.0	
0.05896	0.43735	0.0	
0.05667	0.43672	0.0	
0.05906	0.43688	1.0	
0.04855	0.42975	0.0	
0.04972	0.43265	0.0	
0.05500	0.42893	1.0	
0.04983	0.43510	0.0	
0.05413	0.43156	1.0	
0.05544	0.43435	0.0	
0.05329	0.43345	1.0	
# Depth = 6, x = 0.03125 - 0.04688, y = 0.41875 - 0.42812
0.04321	0.42308	0.0	
0.03239	0.41878	1.0	
0.04425	0.42686	1.0	
0.04665	0.42274	1.0	
0.03847	0.42516	1.0	
0.03362	0.42619	0.0	
0.03446	0.42810	0.0	
0.03489	0.42168	1.0	
0.03956	0.42027	1.0	
0.04407	0.42397	0.0	
0.03880	0.42003	1.0	
0.03975	0.42233	1.0	
# Depth = 6, x = 0.04688 - 0.06250, y = 0.41875 - 0.42812
0.05265	0.41889	1.0	
0.05144	0.42064	1.0	
0.05094	0.42219	1.0	
0.04989	0.42172	1.0	
0.05189	0.42439	1.0	
0.05470	0.42470	0.0	
0.05893	0.42161	1.0	
0.04816	0.42755	1.0	
0.04855	0.42584	0.0	
0.05274	0.42503	1.0	
0.05150	0.42389	1.0	
0.05282	0.42635	0.0	
# Depth = 6, x = 0.00000 - 0.01562, y = 0.40938 - 0.41875
0.00078	0.41691	1.0	
0.01367	0.41746	1.0	
0.00613	0.41333	1.0	
0.00466	0.41460	1.0	
0.00549	0.41084	1.0	
0.01524	0.41425	1.0	
0.01473	0.41261	1.0	
0.00530	0.41720	1.0	
0.00261	0.41570	1.0	
0.00847	0.41831	1.0	
0.00407	0.41766	1.0	
0.00839	0.41691	1.0	
# Depth = 6, x = 0.01562 - 0.03125, y = 0.40938 - 0.41875
0.01619	0.41237	1.0	
0.02528	0.40955	1.0	
0.01941	0.41497	1.0	
0.02242	0.41193	1.0	
0.02686	0.41344	1.0	
0.01587	0.41215	1.0	
0.02195	0.41547	1.0	
0.02535	0.41052	1.0	
0.01684	0.41804	1.0	
0.02139	0.41392	1.0	
0.01987	0.41543	1.0	
0.02291	0.41404	1.0	
# Depth = 6, x = 0.00000 - 0.01562, y = 0.40000 - 0.40938
0.01402	0.40401	1.0	
0.01251	0.40836	1.0	
0.00111	0.40764	1.0	
0.00543	0.40475	1.0	
0.01462	0.40315	1.0	
0.01485	0.40548	1.0	
0.00089	0.40435	1.0	
0.00610	0.40028	1.0	
0.01535	0.40754	1.0	
0.01294	0.40435	1.0	
0.00743	0.40639	1.0	
0.00082	0.40277	1.0	
# Depth = 6, x = 0.01562 - 0.03125, y = 0.40000 - 0.40938
0.02973	0.40427	1.0	
0.01995	0.40151	1.0	
0.02578	0.40160	1.0	
0.02126	0.40623	1.0	
0.01850	0.40742	1.0	
0.01635	0.40740	1.0	
0.01668	0.40621	1.0	
0.02727	0.40394	1.0	
0.02982	0.40781	1.0	
0.02067	0.40669	1.0	
0.02181	0.40336	1.0	
0.02697	0.40075	1.0	
# Depth = 6, x = 0.03125 - 0.04688, y = 0.40938 - 0.41875
0.03235	0.41599	1.0	
0.03460	0.41006	1.0	
0.03196	0.41360	1.0	
0.04131	0.40965	1.0	
0.03177	0.41339	1.0	
0.03238	0.41534	1.0	
0.04009	0.41094	0.0	
0.03480	0.41757	1.0	
0.03818	0.41832	1.0	
0.04589	0.41363	0.0	
0.04587	0.40950	1.0	
0.03562	0.41572	0.0	
# Depth = 6, x = 0.04688 - 0.06250, y = 0.40938 - 0.41875
0.05201	0.41417	0.0	
0.04816	0.41266	1.0	
0.05384	0.41665	1.0	
0.04802	0.41839	1.0	
0.05084	0.41805	0.0	
0.05661	0.41117	1.0	
0.05443	0.40989	1.0	
0.05175	0.41224	1.0	
0.04689	0.41592	0.0	
0.05625	0.41708	0.0	
0.05747	0.41055	1.0	
0.04939	0.41468	1.0	
# Depth = 6, x = 0.03125 - 0.04688, y = 0.40000 - 0.40938
0.04316	0.40681	1.0	
0.04640	0.40612	1.0	
0.03785	0.40809	1.0	
0.03231	0.40424	1.0	
0.04460	0.40213	1.0	
0.04541	0.40739	1.0	
0.03992	0.40289	1.0	
0.03420	0.40249	1.0	
0.04500	0.40369	1.0	
0.03415	0.40357	1.0	
0.03949	0.40136	1.0	
0.03367	0.40388	1.0	
# Depth = 6, x = 0.04688 - 0.06250, y = 0.40000 - 0.40938
0.04767	0.40727	1.0	
0.05489	0.40478	0.0	
0.04698	0.40198	1.0	
0.04729	0.40334	1.0	
0.05032	0.40001	1.0	
0.05920	0.40376	1.0	
0.05621	0.40096	1.0	
0.04827	0.40588	1.0	
0.05247	0.40180	1.0	
0.05218	0.40300	1.0	
0.06125	0.40603	1.0	
0.04745	0.40883	0.0	
# Depth = 6, x = 0.06250 - 0.07812, y = 0.42812 - 0.43750
0.06713	0.43418	0.0	
0.07501	0.43416	0.0	
0.06376	0.43295	1.0	
0.06375	0.43259	1.0	
0.06652	0.42906	0.0	
0.07262	0.43603	0.0	
0.06473	0.43430	0.0	
0.06857	0.43073	0.0	
0.06496	0.43643	1.0	
0.06306	0.43303	0.0	
0.06971	0.43289	1.0	
0.07326	0.43619	0.0	
# Depth = 6, x = 0.07812 - 0.09375, y = 0.42812 - 0.43750
0.09203	0.43747	0.0	
0.09138	0.43149	0.0	
0.08792	0.42948	0.0	
0.07954	0.43479	0.0	
0.07943	0.43312	1.0	
0.09075	0.43553	0.0	
0.08664	0.43625	0.0	
0.08098	0.43671	0.0	
0.08016	0.43696	0.0	
0.08186	0.43746	1.0	
0.08593	0.43355	0.0	
0.08839	0.43473	0.0	
# Depth = 6, x = 0.06250 - 0.07812, y = 0.41875 - 0.42812
0.07676	0.42155	1.0	
0.06258	0.42185	1.0	
0.06255	0.41895	0.0	
0.07494	0.41937	0.0	
0.07470	0.42781	0.0	
0.07547	0.42801	0.0	
0.07348	0.42505	0.0	
0.07668	0.42235	1.0	
0.07122	0.42485	0.0	
0.07551	0.42644	1.0	
0.06330	0.42460	0.0	
0.07502	0.41925	0.0	
# Depth = 6, x = 0.07812 - 0.09375, y = 0.41875 - 0.42812
0.09222	0.42423	0.0	
0.09041	0.42105	0.0	
0.09356	0.42603	0.0	
0.08115	0.42068	0.0	
0.08967	0.42520	0.0	
0.09244	0.42409	0.0	
0.08522	0.41876	0.0	
0.07829	0.42720	1.0	
0.09129	0.42094	0.0	
0.08383	0.42597	1.0	
0.08962	0.41970	0.0	
0.09251	0.42030	0.0	
# Depth = 6, x = 0.09375 - 0.10938, y = 0.42812 - 0.43750
0.09842	0.42905	0.0	
0.10883	0.43440	0.0	
0.10687	0.42909	0.0	
0.10782	0.42929	0.0	
0.09929	0.43173	0.0	
0.10207	0.43640	0.0	
0.09920	0.43658	0.0	
0.09772	0.43581	0.0	
0.09825	0.42832	0.0	
0.10161	0.43574	0.0	
0.10652	0.43344	0.0	
0.10368	0.43354	0.0	
# Depth = 6, x = 0.10938 - 0.12500, y = 0.42812 - 0.43750
0.11671	0.43660	0.0	
0.11758	0.42894	0.0	
0.12290	0.43738	0.0	
0.11141	0.43385	0.0	
0.12494	0.43739	0.0	
0.10970	0.43114	0.0	
0.12274	0.43047	0.0	
0.11388	0.43678	0.0	
0.11227	0.43167	0.0	
0.12489	0.42884	0.0	
0.12184	0.43237	0.0	
0.12331	0.42891	0.0	
# Depth = 6, x = 0.09375 - 0.10938, y = 0.41875 - 0.42812
0.09899	0.42366	0.0	
0.10399	0.42292	0.0	
0.10133	0.42528	0.0	
0.10544	0.42578	0.0	
0.10014	0.41924	1.0	
0.10762	0.42077	0.0	
0.10427	0.42794	0.0	
0.10930	0.42012	0.0	
0.09906	0.42328	0.0	
0.10368	0.42512	1.0	
0.09779	0.42320	0.0	
0.10685	0.42460	0.0	
# Depth = 6, x = 0.10938 - 0.12500, y = 0.41875 - 0.42812
0.11421	0.42252	0.0	
0.11868	0.42409	0.0	
0.11523	0.41954	0.0	
0.12228	0.42294	0.0	
0.11979	0.42122	0.0	
0.11927	0.42183	0.0	
0.11462	0.42063	0.0	
0.11515	0.42086	0.0	
0.11613	0.42252	0.0	
0.10987	0.41895	0.0	
0.11688	0.42469	0.0	
0.12086	0.42636	0.0	
# Depth = 6, x = 0.06250 - 0.07812, y = 0.40938 - 0.41875
0.07645	0.41090	0.0	
0.07639	0.41746	0.0	
0.06435	0.41273	0.0	
0.06584	0.41201	1.0	
0.06644	0.41283	0.0	
0.06288	0.41653	1.0	
0.06790	0.41179	0.0	
0.06365	0.41181	1.0	
0.07153	0.41305	0.0	
0.07647	0.41800	0.0	
0.06373	0.41763	0.0	
0.07485	0.40946	1.0	
# Depth = 6, x = 0.07812 - 0.09375, y = 0.40938 - 0.41875
0.09354	0.41432	1.0	
0.08315	0.41571	1.0	
0.08595	0.41032	0.0	
0.08939	0.41270	0.0	
0.08677	0.41197	0.0	
0.08002	0.41328	1.0	
0.08066	0.41870	0.0	
0.09079	0.41139	1.0	
0.08326	0.41505	0.0	
0.08911	0.41372	1.0	
0.08489	0.41822	0.0	
0.08064	0.41298	0.0	
# Depth = 6, x = 0.06250 - 0.07812, y = 0.40000 - 0.40938
0.06326	0.40344	0.0	
0.06468	0.40371	0.0	
0.07663	0.40726	1.0	
0.07639	0.40187	1.0	
0.06408	0.40670	0.0	
0.06357	0.40629	1.0	
0.07492	0.40084	1.0	
0.07573	0.40424	1.0	
0.07439	0.40363	1.0	
0.06611	0.40361	0.0	
0.07692	0.40235	0.0	
0.06887	0.40493	1.0	
# Depth = 6, x = 0.07812 - 0.09375, y = 0.40000 - 0.40938
0.09228	0.40560	1.0	
0.08999	0.40876	1.0	
0.08887	0.40581	1.0	
0.08458	0.40375	1.0	
0.09298	0.40375	0.0	
0.08313	0.40830	1.0	
0.09242	0.40757	1.0	
0.09151	0.40197	0.0	
0.08542	0.40252	1.0	
0.08120	0.40411	1.0	
0.07873	0.40670	0.0	
0.08552	0.40738	1.0	
# Depth = 6, x = 0.09375 - 0.10938, y = 0.40938 - 0.41875
0.10425	0.41049	1.0	
0.10061	0.41769	1.0	
0.10643	0.41652	0.0	
0.10737	0.41613	0.0	
0.10661	0.41755	0.0	
0.10631	0.41711	1.0	
0.10848	0.41159	1.0	
0.09836	0.41314	0.0	
0.10008	0.40954	0.0	
0.10854	0.41750	0.0	
0.10690	0.41131	1.0	
0.09675	0.40990	0.0	
# Depth = 6, x = 0.10938 - 0.12500, y = 0.40938 - 0.41875
0.11261	0.41244	1.0	
0.11243	0.41075	0.0	
0.11950	0.41423	0.0	
0.11616	0.41829	0.0	
0.12201	0.40957	1.0	
0.11195	0.41492	0.0	
0.12028	0.41346	0.0	
0.11125	0.40997	1.0	
0.11384	0.41305	1.0	
0.11687	0.41445	0.0	
0.11124	0.41001	0.0	
0.12067	0.41819	0.0	
# Depth = 6, x = 0.09375 - 0.10938, y = 0.40000 - 0.40938
0.09481	0.40687	0.0	
0.10863	0.40127	0.0	
0.09714	0.40002	1.0	
0.10627	0.40929	0.0	
0.10371	0.40642	0.0	
0.09435	0.40394	0.0	
0.10453	0.40724	0.0	
0.09667	0.40905	0.0	
0.09699	0.40058	1.0	
0.10465	0.40447	1.0	
0.09703	0.40714	0.0	
0.10057	0.40607	0.0	
# Depth = 6, x = 0.10938 - 0.12500, y = 0.40000 - 0.40938
0.11112	0.40233	0.0	
0.12337	0.40759	0.0	
0.12137	0.40889	1.0	
0.11078	0.40582	1.0	
0.11135	0.40212	1.0	
0.11461	0.40018	1.0	
0.11132	0.40425	0.0	
0.12036	0.40001	0.0	
0.12182	0.40239	0.0	
0.11653	0.40396	0.0	
0.11081	0.40698	1.0	
0.11934	0.40271	0.0	
# Depth = 4, x = 0.12500 - 0.18750, y = 0.43750 - 0.47500
0.14245	0.45981	0.0	
0.18369	0.46476	0.0	
0.17667	0.45250	0.0	
0.18338	0.47337	0.0	
0.14679	0.44261	0.0	
0.17877	0.46838	0.0	
0.13716	0.47181	0.0	
0.17853	0.44962	0.0	
0.18442	0.44571	0.0	
0.13009	0.45919	0.0	
0.17097	0.46204	0.0	
0.13429	0.46335	0.0	
# Depth = 4, x = 0.18750 - 0.25000, y = 0.43750 - 0.47500
0.22246	0.46820	0.0	
0.22197	0.46764	0.0	
0.23442	0.43783	0.0	
0.23334	0.47246	0.0	
0.24887	0.44918	0.0	
0.24148	0.44387	0.0	
0.20378	0.46220	0.0	
0.22009	0.45129	0.0	
0.20323	0.45070	0.0	
0.23060	0.44254	0.0	
0.23346	0.45570	0.0	
0.24519	0.46602	0.0	
# Depth = 5, x = 0.12500 - 0.15625, y = 0.41875 - 0.43750
0.14655	0.42354	0.0	
0.15210	0.42176	0.0	
0.12970	0.42500	0.0	
0.13389	0.42164	0.0	
0.14992	0.43429	0.0	
0.14608	0.41978	0.0	
0.14089	0.41903	0.0	
0.15131	0.43187	0.0	
0.13612	0.43005	0.0	
0.15371	0.43426	0.0	
0.15495	0.43065	0.0	
0.14426	0.42531	0.0	
# Depth = 5, x = 0.15625 - 0.18750, y = 0.41875 - 0.43750
0.18341	0.43394	0.0	
0.16899	0.42080	0.0	
0.17760	0.42711	0.0	
0.18299	0.43609	0.0	
0.17037	0.42392	0.0	
0.17510	0.42325	0.0	
0.16888	0.42096	0.0	
0.18523	0.42883	0.0	
0.16814	0.43273	0.0	
0.17937	0.42135	0.0	
0.16653	0.42539	0.0	
0.15980	0.42604	0.0	
# Depth = 6, x = 0.12500 - 0.14062, y = 0.40938 - 0.41875
0.13329	0.41319	0.0	
0.12642	0.41502	0.0	
0.13633	0.41834	0.0	
0.13192	0.41282	0.0	
0.12624	0.41324	0.0	
0.12976	0.41617	0.0	
0.12979	0.41510	0.0	
0.13913	0.41025	0.0	
0.13410	0.41493	1.0	
0.12718	0.40955	0.0	
0.13405	0.41076	0.0	
0.13680	0.41346	0.0	
# Depth = 6, x = 0.14062 - 0.15625, y = 0.40938 - 0.41875
0.14282	0.41516	0.0	
0.15469	0.41384	1.0	
0.14679	0.41308	0.0	
0.15230	0.41318	1.0	
0.14207	0.41183	0.0	
0.15373	0.41491	0.0	
0.15055	0.41229	0.0	
0.14363	0.41663	0.0	
0.15482	0.41002	0.0	
0.14413	0.41290	0.0	
0.14567	0.41065	0.0	
0.15287	0.40981	0.0	
# Depth = 6, x = 0.12500 - 0.14062, y = 0.40000 - 0.40938
0.13439	0.40517	0.0	
0.13855	0.40004	1.0	
0.12747	0.40456	0.0	
0.13974	0.40842	1.0	
0.13188	0.40444	0.0	
0.13290	0.40565	1.0	
0.13819	0.40599	0.0	
0.12618	0.40626	1.0	
0.12581	0.40400	1.0	
0.13500	0.40930	0.0	
0.13730	0.40854	0.0	
0.12554	0.40877	0.0	
# Depth = 6, x = 0.14062 - 0.15625, y = 0.40000 - 0.40938
0.14355	0.40402	0.0	
0.14684	0.40258	0.0	
0.14747	0.40822	0.0	
0.15482	0.40895	0.0	
0.15476	0.40166	0.0	
0.14376	0.40059	0.0	
0.14474	0.40859	0.0	
0.15089	0.40060	1.0	
0.15400	0.40901	0.0	
0.14619	0.40604	1.0	
0.15114	0.40036	0.0	
0.14347	0.40815	0.0	
# Depth = 5, x = 0.15625 - 0.18750, y = 0.40000 - 0.41875
0.16016	0.40471	0.0	
0.18675	0.41731	0.0	
0.18613	0.41111	0.0	
0.15965	0.40411	0.0	
0.18501	0.40236	0.0	
0.16138	0.40265	0.0	
0.16327	0.40950	0.0	
0.17385	0.40955	0.0	
0.18561	0.40454	0.0	
0.18160	0.41118	0.0	
0.18204	0.41123	0.0	
0.16696	0.41364	0.0	
# Depth = 4, x = 0.18750 - 0.25000, y = 0.40000 - 0.43750
0.19835	0.41197	0.0	
0.21538	0.41654	0.0	
0.23428	0.42346	0.0	
0.22018	0.41316	0.0	
0.21843	0.40748	0.0	
0.21692	0.42111	0.0	
0.23129	0.40726	0.0	
0.22713	0.41230	0.0	
0.19289	0.41231	0.0	
0.24761	0.43588	0.0	
0.20482	0.42680	0.0	
0.18874	0.40964	0.0	
# Depth = 3, x = 0.25000 - 0.37500, y = 0.47500 - 0.55000
0.36273	0.54105	0.0	
0.35153	0.51087	0.0	
0.33345	0.47501	0.0	
0.25225	0.49924	0.0	
0.37219	0.48214	0.0	
0.25731	0.54117	0.0	
0.36846	0.53098	0.0	
0.36320	0.53911	0.0	
0.25993	0.53357	0.0	
0.36181	0.51467	0.0	
0.36854	0.48992	0.0	
0.36088	0.51754	0.0	
# Depth = 3, x = 0.37500 - 0.50000, y = 0.47500 - 0.55000
0.48884	0.49053	0.0	
0.47289	0.54562	0.0	
0.49658	0.52361	0.0	
0.42257	0.50482	0.0	
0.39243	0.50333	0.0	
0.49064	0.54600	0.0	
0.47949	0.51263	0.0	
0.38227	0.49433	0.0	
0.45505	0.48925	0.0	
0.47737	0.50924	0.0	
0.40118	0.54228	0.0	
0.40619	0.53360	0.0	
# Depth = 3, x = 0.25000 - 0.37500, y = 0.40000 - 0.47500
0.26259	0.42659	0.0	
0.31644	0.40801	0.0	
0.28641	0.41427	0.0	
0.29515	0.46475	0.0	
0.36056	0.42433	0.0	
0.31072	0.46323	0.0	
0.28488	0.44594	0.0	
0.33409	0.46394	0.0	
0.32474	0.43364	0.0	
0.37420	0.43206	0.0	
0.30648	0.42993	0.0	
0.36591	0.41885	0.0	
# Depth = 3, x = 0.37500 - 0.50000, y = 0.40000 - 0.47500
0.37679	0.42638	0.0	
0.43722	0.43746	0.0	
0.42776	0.41174	0.0	
0.40921	0.46183	0.0	
0.43431	0.46014	0.0	
0.41104	0.45966	0.0	
0.48806	0.46017	0.0	
0.37613	0.40622	0.0	
0.49407	0.42275	0.0	
0.38101	0.45468	0.0	
0.47856	0.42327	0.0	
0.47083	0.43295	0.0	
# Depth = 4, x = 0.00000 - 0.06250, y = 0.36250 - 0.40000
0.03582	0.36901	1.0	
0.04936	0.37677	1.0	
0.01115	0.36385	1.0	
0.00258	0.37089	1.0	
0.00132	0.39563	1.0	
0.00990	0.37175	1.0	
0.03069	0.38442	1.0	
0.05542	0.38373	1.0	
0.00261	0.38439	1.0	
0.04657	0.37229	1.0	
0.01904	0.39172	1.0	
0.01473	0.37905	1.0	
# Depth = 6, x = 0.06250 - 0.07812, y = 0.39062 - 0.40000
0.06621	0.39645	1.0	
0.06591	0.39997	1.0	
0.06903	0.39984	1.0	
0.07185	0.39738	1.0	
0.06910	0.39389	0.0	
0.07459	0.39648	1.0	
0.07094	0.39410	0.0	
0.06710	0.39071	1.0	
0.06562	0.39794	1.0	
0.07001	0.39778	1.0	
0.07124	0.39890	1.0	
0.07216	0.39652	1.0	
# Depth = 6, x = 0.07812 - 0.09375, y = 0.39062 - 0.40000
0.08988	0.39684	1.0	
0.08988	0.39259	1.0	
0.08210	0.39216	1.0	
0.08446	0.39554	1.0	
0.08955	0.39423	0.0	
0.07904	0.39774	0.0	
0.08990	0.39817	1.0	
0.09314	0.39282	0.0	
0.08627	0.39519	0.0	
0.08676	0.39647	1.0	
0.09345	0.39238	1.0	
0.07859	0.39158	1.0	
# Depth = 6, x = 0.06250 - 0.07812, y = 0.38125 - 0.39062
0.07511	0.38679	1.0	
0.06366	0.38842	1.0	
0.07780	0.38534	1.0	
0.06767	0.38230	1.0	
0.06511	0.38730	1.0	
0.06640	0.38872	1.0	
0.06609	0.38833	1.0	
0.07139	0.38461	1.0	
0.06504	0.38430	1.0	
0.07567	0.38653	1.0	
0.06251	0.38946	1.0	
0.06691	0.38287	1.0	
# Depth = 6, x = 0.07812 - 0.09375, y = 0.38125 - 0.39062
0.08252	0.38746	1.0	
0.07888	0.38482	1.0	
0.08656	0.38427	1.0	
0.09117	0.38522	1.0	
0.08721	0.38876	1.0	
0.08586	0.38884	1.0	
0.07838	0.38297	1.0	
0.08765	0.38519	1.0	
0.09091	0.38231	1.0	
0.08164	0.38514	1.0	
0.08408	0.38635	1.0	
0.07932	0.38900	1.0	
# Depth = 6, x = 0.09375 - 0.10938, y = 0.39062 - 0.40000
0.09846	0.39659	1.0	
0.10554	0.39774	1.0	
0.09902	0.39982	0.0	
0.09659	0.39982	0.0	
0.10165	0.39119	0.0	
0.10648	0.39202	0.0	
0.10028	0.39140	1.0	
0.09558	0.39171	1.0	
0.09695	0.39393	0.0	
0.09964	0.39096	0.0	
0.10147	0.39762	0.0	
0.10895	0.39355	1.0	
# Depth = 6, x = 0.10938 - 0.12500, y = 0.39062 - 0.40000
0.12352	0.39102	0.0	
0.11623	0.39773	1.0	
0.12045	0.39463	0.0	
0.12210	0.39878	0.0	
0.11933	0.39279	1.0	
0.11466	0.39173	0.0	
0.12278	0.39367	0.0	
0.11920	0.39390	1.0	
0.12394	0.39424	0.0	
0.12272	0.39863	0.0	
0.11855	0.39198	0.0	
0.11313	0.39752	0.0	
# Depth = 6, x = 0.09375 - 0.10938, y = 0.38125 - 0.39062
0.09661	0.38307	1.0	
0.10186	0.38854	1.0	
0.10933	0.38849	1.0	
0.10266	0.38521	1.0	
0.10475	0.38953	1.0	
0.10671	0.38139	1.0	
0.09579	0.38318	1.0	
0.10379	0.38278	1.0	
0.09763	0.38726	0.0	
0.10051	0.38800	0.0	
0.09443	0.38753	1.0	
0.10088	0.38759	1.0	
# Depth = 6, x = 0.10938 - 0.12500, y = 0.38125 - 0.39062
0.10984	0.38172	0.0	
0.11536	0.38457	1.0	
0.11748	0.38316	1.0	
0.12199	0.38769	1.0	
0.11002	0.38822	1.0	
0.12413	0.38714	0.0	
0.12347	0.38195	0.0	
0.12038	0.38925	1.0	
0.11999	0.38771	1.0	
0.11321	0.38819	0.0	
0.11545	0.38578	1.0	
0.11943	0.39053	0.0	
# Depth = 5, x = 0.06250 - 0.09375, y = 0.36250 - 0.38125
0.07560	0.37378	1.0	
0.08883	0.36678	1.0	
0.08075	0.37707	1.0	
0.09307	0.37559	1.0	
0.07365	0.37939	1.0	
0.08773	0.36470	1.0	
0.07254	0.37934	1.0	
0.08753	0.37248	1.0	
0.07920	0.37579	1.0	
0.08716	0.37351	1.0	
0.06868	0.37836	1.0	
0.08354	0.37482	1.0	
# Depth = 6, x = 0.09375 - 0.10938, y = 0.37188 - 0.38125
0.10080	0.37378	1.0	
0.10409	0.38114	1.0	
0.10331	0.37814	1.0	
0.10459	0.37549	1.0	
0.10709	0.38037	1.0	
0.10330	0.37253	1.0	
0.09569	0.37956	1.0	
0.10025	0.37452	1.0	
0.09799	0.38020	1.0	
0.10661	0.37954	1.0	
0.09879	0.37698	1.0	
0.10582	0.37540	1.0	
# Depth = 6, x = 0.10938 - 0.12500, y = 0.37188 - 0.38125
0.11975	0.37296	1.0	
0.12407	0.37913	1.0	
0.11633	0.37903	1.0	
0.12351	0.37429	1.0	
0.11961	0.37431	1.0	
0.11767	0.37321	1.0	
0.11979	0.37646	1.0	
0.11259	0.37454	1.0	
0.11716	0.37427	1.0	
0.11915	0.37308	1.0	
0.11935	0.37639	1.0	
0.11734	0.37590	1.0	
# Depth = 6, x = 0.09375 - 0.10938, y = 0.36250 - 0.37188
0.10032	0.36416	1.0	
0.10049	0.36477	1.0	
0.10456	0.37123	1.0	
0.09718	0.37050	1.0	
0.10123	0.36741	1.0	
0.10259	0.36627	1.0	
0.10670	0.36472	1.0	
0.09728	0.36436	1.0	
0.09483	0.37142	1.0	
0.10479	0.37128	1.0	
0.10339	0.36988	1.0	
0.10858	0.37074	1.0	
# Depth = 6, x = 0.10938 - 0.12500, y = 0.36250 - 0.37188
0.10986	0.36810	1.0	
0.11529	0.36495	1.0	
0.11169	0.36711	1.0	
0.11803	0.37014	1.0	
0.12438	0.36579	1.0	
0.11416	0.36813	1.0	
0.12476	0.37050	1.0	
0.11068	0.36706	1.0	
0.12269	0.36986	1.0	
0.11789	0.36326	1.0	
0.11587	0.37006	1.0	
0.11035	0.36468	1.0	
# Depth = 4, x = 0.00000 - 0.06250, y = 0.32500 - 0.36250
0.05229	0.34924	1.0	
0.05094	0.35303	1.0	
0.01457	0.33157	1.0	
0.04043	0.33604	1.0	
0.06099	0.35564	1.0	
0.05401	0.34457	1.0	
0.01736	0.34958	1.0	
0.00208	0.33593	1.0	
0.01287	0.34657	1.0	
0.00824	0.34440	1.0	
0.04742	0.34452	1.0	
0.02054	0.34178	1.0	
# Depth = 4, x = 0.06250 - 0.12500, y = 0.32500 - 0.36250
0.06822	0.35742	1.0	
0.10727	0.36143	1.0	
0.11624	0.35046	1.0	
0.07259	0.34064	1.0	
0.10365	0.34842	1.0	
0.07716	0.33354	1.0	
0.06369	0.32562	1.0	
0.11110	0.34729	1.0	
0.10593	0.33498	1.0	
0.10571	0.35321	1.0	
0.08066	0.35984	1.0	
0.06578	0.35169	1.0	
# Depth = 6, x = 0.12500 - 0.14062, y = 0.39062 - 0.40000
0.13778	0.39884	0.0	
0.12681	0.39163	0.0	
0.13663	0.39323	0.0	
0.12997	0.39927	0.0	
0.13940	0.39473	0.0	
0.13553	0.39946	0.0	
0.13309	0.39498	0.0	
0.14049	0.39200	1.0	
0.12839	0.39255	0.0	
0.12555	0.39772	0.0	
0.13575	0.39397	0.0	
0.13618	0.39614	0.0	
# Depth = 6, x = 0.14062 - 0.15625, y = 0.39062 - 0.40000
0.15128	0.39162	0.0	
0.14707	0.39802	1.0	
0.14125	0.39140	1.0	
0.15590	0.39461	1.0	
0.15026	0.39599	1.0	
0.14589	0.39425	0.0	
0.14826	0.39267	0.0	
0.14171	0.39964	0.0	
0.14913	0.39077	0.0	
0.15193	0.39790	0.0	
0.14810	0.39366	1.0	
0.15012	0.39636	0.0	
# Depth = 6, x = 0.12500 - 0.14062, y = 0.38125 - 0.39062
0.13421	0.38611	1.0	
0.13065	0.38933	0.0	
0.13424	0.39039	0.0	
0.13330	0.38386	0.0	
0.13058	0.38962	1.0	
0.13186	0.38466	1.0	
0.13269	0.39020	0.0	
0.13922	0.38167	0.0	
0.13903	0.38516	0.0	
0.12515	0.38986	1.0	
0.13716	0.38660	1.0	
0.12805	0.38290	1.0	
# Depth = 6, x = 0.14062 - 0.15625, y = 0.38125 - 0.39062
0.14461	0.38463	0.0	
0.14860	0.38812	0.0	
0.14507	0.38318	0.0	
0.14675	0.39028	1.0	
0.15044	0.38789	1.0	
0.15144	0.38246	0.0	
0.15310	0.38685	0.0	
0.15119	0.38800	0.0	
0.14197	0.38406	1.0	
0.15499	0.38313	0.0	
0.15038	0.38792	0.0	
0.14847	0.39038	1.0	
# Depth = 6, x = 0.15625 - 0.17188, y = 0.39062 - 0.40000
0.16551	0.39552	0.0	
0.16545	0.39560	0.0	
0.16386	0.39298	0.0	
0.16708	0.39897	0.0	
0.16840	0.39557	0.0	
0.16111	0.39678	0.0	
0.16103	0.39260	0.0	
0.16230	0.39358	0.0	
0.16359	0.39869	0.0	
0.16567	0.39904	0.0	
0.16736	0.39250	1.0	
0.16112	0.39899	0.0	
# Depth = 6, x = 0.17188 - 0.18750, y = 0.39062 - 0.40000
0.17209	0.39802	0.0	
0.18696	0.39785	0.0	
0.18166	0.39420	0.0	
0.18056	0.39873	0.0	
0.18455	0.39939	0.0	
0.18023	0.39614	0.0	
0.17827	0.39241	1.0	
0.18273	0.39912	0.0	
0.17738	0.39118	0.0	
0.18109	0.39371	0.0	
0.18141	0.39121	0.0	
0.17355	0.39555	1.0	
# Depth = 6, x = 0.15625 - 0.17188, y = 0.38125 - 0.39062
0.16704	0.38748	0.0	
0.16050	0.38470	0.0	
0.15773	0.38685	0.0	
0.15999	0.38221	0.0	
0.16474	0.38796	0.0	
0.16612	0.38819	1.0	
0.16202	0.38380	1.0	
0.16035	0.38541	0.0	
0.15850	0.38693	0.0	
0.16234	0.38913	0.0	
0.16887	0.38402	0.0	
0.17171	0.38569	0.0	
# Depth = 6, x = 0.17188 - 0.18750, y = 0.38125 - 0.39062
0.17352	0.38187	1.0	
0.17737	0.39039	0.0	
0.18483	0.38194	1.0	
0.18587	0.38232	0.0	
0.18053	0.38321	1.0	
0.17245	0.38572	1.0	
0.18718	0.38749	0.0	
0.17418	0.38898	0.0	
0.18101	0.38666	0.0	
0.18081	0.39018	0.0	
0.18745	0.39011	0.0	
0.17858	0.38131	0.0	
# Depth = 6, x = 0.12500 - 0.14062, y = 0.37188 - 0.38125
0.13129	0.37953	0.0	
0.12656	0.37329	0.0	
0.13199	0.38122	1.0	
0.13641	0.38081	0.0	
0.13913	0.38083	0.0	
0.13726	0.37197	1.0	
0.13988	0.37675	1.0	
0.12613	0.37535	1.0	
0.12974	0.37531	1.0	
0.13814	0.37696	0.0	
0.14016	0.37292	1.0	
0.12790	0.37439	0.0	
# Depth = 6, x = 0.14062 - 0.15625, y = 0.37188 - 0.38125
0.14186	0.37644	0.0	
0.15387	0.37890	1.0	
0.15551	0.38099	0.0	
0.14970	0.37486	0.0	
0.15045	0.37260	0.0	
0.14609	0.37844	1.0	
0.14389	0.37530	0.0	
0.15501	0.37749	1.0	
0.14308	0.37301	0.0	
0.15113	0.37355	1.0	
0.14374	0.37211	1.0	
0.14064	0.37326	0.0	
# Depth = 6, x = 0.12500 - 0.14062, y = 0.36250 - 0.37188
0.12851	0.37155	1.0	
0.13637	0.36414	1.0	
0.12901	0.37184	1.0	
0.12644	0.36867	1.0	
0.13346	0.36947	1.0	
0.13925	0.36643	1.0	
0.13688	0.36323	1.0	
0.13191	0.36724	1.0	
0.14051	0.36823	1.0	
0.13768	0.36407	1.0	
0.13309	0.37162	0.0	
0.12673	0.36427	1.0	
# Depth = 6, x = 0.14062 - 0.15625, y = 0.36250 - 0.37188
0.14853	0.36625	1.0	
0.15071	0.36426	1.0	
0.15272	0.36383	0.0	
0.14416	0.36853	1.0	
0.15189	0.36706	1.0	
0.14367	0.36696	0.0	
0.15166	0.36432	0.0	
0.14889	0.36728	0.0	
0.14942	0.36986	1.0	
0.14787	0.36552	1.0	
0.14472	0.36437	1.0	
0.14852	0.36817	1.0	
# Depth = 6, x = 0.15625 - 0.17188, y = 0.37188 - 0.38125
0.16550	0.37327	1.0	
0.15947	0.37845	1.0	
0.15955	0.37805	1.0	
0.15869	0.38063	1.0	
0.16056	0.37939	0.0	
0.16259	0.37204	1.0	
0.16923	0.37504	0.0	
0.17058	0.37574	0.0	
0.16388	0.38091	0.0	
0.15661	0.37987	0.0	
0.16997	0.38112	0.0	
0.16691	0.37556	0.0	
# Depth = 6, x = 0.17188 - 0.18750, y = 0.37188 - 0.38125
0.17719	0.37965	1.0	
0.17457	0.37245	0.0	
0.17704	0.37746	1.0	
0.18060	0.38005	1.0	
0.17697	0.37330	1.0	
0.17993	0.37903	0.0	
0.17224	0.37618	0.0	
0.17565	0.37225	0.0	
0.17447	0.37198	1.0	
0.18393	0.37752	1.0	
0.17853	0.37442	0.0	
0.17668	0.37360	0.0	
# Depth = 6, x = 0.15625 - 0.17188, y = 0.36250 - 0.37188
0.16390	0.36319	0.0	
0.16940	0.36336	1.0	
0.16697	0.36520	1.0	
0.16930	0.36470	1.0	
0.16010	0.36954	0.0	
0.15690	0.36602	0.0	
0.15966	0.37149	1.0	
0.17050	0.37181	0.0	
0.15813	0.36607	1.0	
0.16061	0.36825	1.0	
0.16445	0.36683	1.0	
0.16042	0.36952	0.0	
# Depth = 6, x = 0.17188 - 0.18750, y = 0.36250 - 0.37188
0.17381	0.36512	1.0	
0.17733	0.36269	0.0	
0.18603	0.36746	1.0	
0.17464	0.37073	1.0	
0.18266	0.37064	1.0	
0.17850	0.36476	0.0	
0.17307	0.36313	1.0	
0.18198	0.36415	1.0	
0.17556	0.37030	1.0	
0.18499	0.36703	1.0	
0.17973	0.37033	1.0	
0.17272	0.36315	0.0	
# Depth = 6, x = 0.18750 - 0.20312, y = 0.39062 - 0.40000
0.19005	0.39486	0.0	
0.19544	0.39934	0.0	
0.18778	0.39124	0.0	
0.19406	0.39642	0.0	
0.19702	0.39762	0.0	
0.20024	0.39224	0.0	
0.20123	0.39661	0.0	
0.18984	0.39373	0.0	
0.20127	0.39634	0.0	
0.19193	0.39280	0.0	
0.19751	0.39517	1.0	
0.20049	0.39137	0.0	
# Depth = 6, x = 0.20312 - 0.21875, y = 0.39062 - 0.40000
0.21794	0.39065	1.0	
0.21688	0.39416	0.0	
0.21017	0.39907	0.0	
0.21025	0.39930	0.0	
0.21833	0.39390	0.0	
0.20565	0.39455	0.0	
0.21134	0.39450	0.0	
0.20417	0.39584	0.0	
0.20714	0.39632	0.0	
0.21779	0.39216	0.0	
0.21365	0.39976	0.0	
0.20699	0.39211	0.0	
# Depth = 6, x = 0.18750 - 0.20312, y = 0.38125 - 0.39062
0.20120	0.38873	0.0	
0.18930	0.38855	0.0	
0.19854	0.38643	0.0	
0.19717	0.38332	0.0	
0.19854	0.38596	0.0	
0.19397	0.38179	0.0	
0.19679	0.38989	0.0	
0.19194	0.38260	0.0	
0.20064	0.38282	1.0	
0.19557	0.38551	0.0	
0.19152	0.38759	0.0	
0.20139	0.38506	0.0	
# Depth = 6, x = 0.20312 - 0.21875, y = 0.38125 - 0.39062
0.21341	0.38884	0.0	
0.21021	0.39059	0.0	
0.20532	0.38552	0.0	
0.21373	0.38552	0.0	
0.21347	0.38784	0.0	
0.20449	0.38853	0.0	
0.21289	0.38460	1.0	
0.21202	0.39007	0.0	
0.21296	0.38986	0.0	
0.21616	0.38507	1.0	
0.21156	0.38648	0.0	
0.21519	0.38689	0.0	
# Depth = 6, x = 0.21875 - 0.23438, y = 0.39062 - 0.40000
0.22385	0.39366	0.0	
0.22709	0.39953	0.0	
0.23344	0.39803	0.0	
0.22062	0.39646	0.0	
0.23378	0.39625	0.0	
0.23114	0.39380	0.0	
0.22639	0.39550	0.0	
0.23239	0.39499	0.0	
0.22545	0.39271	0.0	
0.23378	0.39063	0.0	
0.22393	0.39877	0.0	
0.23029	0.39265	0.0	
# Depth = 6, x = 0.23438 - 0.25000, y = 0.39062 - 0.40000
0.24537	0.39863	0.0	
0.24795	0.39930	0.0	
0.23803	0.39695	0.0	
0.24770	0.39264	0.0	
0.24416	0.39126	0.0	
0.23829	0.39747	0.0	
0.24846	0.39827	0.0	
0.24591	0.39443	0.0	
0.24438	0.39346	0.0	
0.24554	0.39937	0.0	
0.24884	0.39498	0.0	
0.24115	0.39523	0.0	
# Depth = 6, x = 0.21875 - 0.23438, y = 0.38125 - 0.39062
0.22164	0.38639	0.0	
0.22120	0.38726	0.0	
0.22349	0.38472	0.0	
0.23064	0.39000	0.0	
0.23192	0.38240	0.0	
0.22726	0.38616	0.0	
0.22568	0.38361	0.0	
0.22688	0.38966	0.0	
0.22393	0.38497	0.0	
0.22324	0.38766	0.0	
0.22223	0.39039	0.0	
0.21940	0.38474	0.0	
# Depth = 6, x = 0.23438 - 0.25000, y = 0.38125 - 0.39062
0.24093	0.38381	0.0	
0.24590	0.38991	0.0	
0.24068	0.38555	0.0	
0.23632	0.38645	0.0	
0.24103	0.39035	0.0	
0.24243	0.38980	0.0	
0.24644	0.38440	0.0	
0.24037	0.38297	0.0	
0.23846	0.38645	0.0	
0.23990	0.38923	0.0	
0.24925	0.38155	0.0	
0.24613	0.38572	0.0	
# Depth = 6, x = 0.18750 - 0.20312, y = 0.37188 - 0.38125
0.19196	0.37254	0.0	
0.19561	0.37947	1.0	
0.20219	0.37293	0.0	
0.18928	0.37527	1.0	
0.19249	0.37230	1.0	
0.20304	0.37909	0.0	
0.19272	0.37259	0.0	
0.19211	0.37983	0.0	
0.19287	0.37306	0.0	
0.19926	0.37446	0.0	
0.19866	0.37884	1.0	
0.20276	0.38042	1.0	
# Depth = 6, x = 0.20312 - 0.21875, y = 0.37188 - 0.38125
0.20478	0.37456	1.0	
0.20370	0.37561	0.0	
0.21421	0.37538	1.0	
0.21594	0.37392	0.0	
0.20780	0.37687	0.0	
0.21017	0.37244	0.0	
0.21203	0.37249	0.0	
0.20785	0.38061	0.0	
0.20548	0.37716	1.0	
0.20484	0.37381	1.0	
0.20719	0.37630	1.0	
0.20502	0.37949	0.0	
# Depth = 6, x = 0.18750 - 0.20312, y = 0.36250 - 0.37188
0.19527	0.36706	0.0	
0.19365	0.36286	0.0	
0.18906	0.36575	0.0	
0.19471	0.36389	1.0	
0.18756	0.36741	1.0	
0.19822	0.36534	0.0	
0.19564	0.36663	1.0	
0.19913	0.37038	0.0	
0.19069	0.36834	1.0	
0.18814	0.36292	1.0	
0.19040	0.36710	0.0	
0.19829	0.36497	0.0	
# Depth = 6, x = 0.20312 - 0.21875, y = 0.36250 - 0.37188
0.20973	0.36291	1.0	
0.20518	0.36580	1.0	
0.21779	0.36288	0.0	
0.21844	0.36642	0.0	
0.21607	0.36942	0.0	
0.20601	0.36637	1.0	
0.21156	0.36567	0.0	
0.21847	0.36582	0.0	
0.20839	0.36637	0.0	
0.21814	0.36747	0.0	
0.20397	0.36296	1.0	
0.20598	0.37023	1.0	
# Depth = 6, x = 0.21875 - 0.23438, y = 0.37188 - 0.38125
0.23078	0.37956	0.0	
0.22009	0.37270	0.0	
0.23366	0.37478	1.0	
0.22161	0.37202	0.0	
0.21950	0.37377	1.0	
0.23304	0.37561	0.0	
0.23176	0.38021	0.0	
0.22001	0.38119	1.0	
0.22096	0.37630	0.0	
0.22780	0.37842	0.0	
0.22737	0.37685	0.0	
0.22092	0.37392	0.0	
# Depth = 6, x = 0.23438 - 0.25000, y = 0.37188 - 0.38125
0.24610	0.37718	0.0	
0.23934	0.37631	0.0	
0.23955	0.37625	0.0	
0.23714	0.37945	0.0	
0.24722	0.37898	0.0	
0.24882	0.37918	0.0	
0.23525	0.37381	0.0	
0.23868	0.37469	0.0	
0.24714	0.37346	0.0	
0.24592	0.37862	0.0	
0.24241	0.37995	0.0	
0.23661	0.37797	0.0	
# Depth = 6, x = 0.21875 - 0.23438, y = 0.36250 - 0.37188
0.23207	0.36862	0.0	
0.22516	0.36928	0.0	
0.22267	0.36918	0.0	
0.22752	0.36332	1.0	
0.23391	0.36574	1.0	
0.22913	0.36571	0.0	
0.21960	0.37017	0.0	
0.22484	0.36524	0.0	
0.23086	0.36915	0.0	
0.22479	0.36634	1.0	
0.22685	0.36531	0.0	
0.22929	0.37088	0.0	
# Depth = 6, x = 0.23438 - 0.25000, y = 0.36250 - 0.37188
0.24684	0.36648	0.0	
0.23822	0.36937	1.0	
0.23617	0.37160	0.0	
0.24495	0.36891	0.0	
0.23483	0.36445	0.0	
0.24519	0.36754	0.0	
0.23842	0.36270	0.0	
0.24629	0.37177	0.0	
0.24242	0.36755	1.0	
0.23734	0.36903	0.0	
0.24941	0.36937	0.0	
0.24090	0.36648	0.0	
# Depth = 6, x = 0.12500 - 0.14062, y = 0.35313 - 0.36250
0.12628	0.35670	1.0	
0.12721	0.35807	1.0	
0.12948	0.35508	1.0	
0.13069	0.35495	1.0	
0.13774	0.36198	1.0	
0.13503	0.35634	1.0	
0.12528	0.35840	1.0	
0.13201	0.36129	1.0	
0.13674	0.35964	1.0	
0.12629	0.35580	1.0	
0.12770	0.35504	1.0	
0.13775	0.36127	1.0	
# Depth = 6, x = 0.14062 - 0.15625, y = 0.35313 - 0.36250
0.14559	0.35326	1.0	
0.15291	0.35361	1.0	
0.14598	0.35742	1.0	
0.15155	0.36177	1.0	
0.15212	0.36066	1.0	
0.15285	0.35621	1.0	
0.15464	0.35879	1.0	
0.14571	0.35491	1.0	
0.14473	0.35341	1.0	
0.14105	0.35820	1.0	
0.15464	0.36218	1.0	
0.14403	0.35854	1.0	
# Depth = 6, x = 0.12500 - 0.14062, y = 0.34375 - 0.35313
0.13396	0.34383	1.0	
0.12722	0.35100	1.0	
0.13156	0.35162	1.0	
0.13176	0.34422	1.0	
0.13258	0.35034	1.0	
0.12719	0.35049	1.0	
0.12845	0.34748	1.0	
0.13302	0.34534	1.0	
0.12953	0.34661	1.0	
0.13950	0.35049	1.0	
0.13773	0.34523	1.0	
0.13927	0.35111	1.0	
# Depth = 6, x = 0.14062 - 0.15625, y = 0.34375 - 0.35313
0.14441	0.34790	1.0	
0.14590	0.35061	1.0	
0.14105	0.34622	1.0	
0.14198	0.34431	1.0	
0.14107	0.35288	1.0	
0.15425	0.34978	1.0	
0.15057	0.35302	1.0	
0.14396	0.34460	1.0	
0.14833	0.34911	1.0	
0.14827	0.34396	1.0	
0.15431	0.34655	1.0	
0.14251	0.35027	1.0	
# Depth = 6, x = 0.15625 - 0.17188, y = 0.35313 - 0.36250
0.15896	0.35432	1.0	
0.16028	0.35343	1.0	
0.16181	0.35503	1.0	
0.16405	0.35475	1.0	
0.16467	0.36014	0.0	
0.15848	0.35437	1.0	
0.16259	0.35761	1.0	
0.16436	0.35490	1.0	
0.16842	0.36021	1.0	
0.15801	0.35596	1.0	
0.16749	0.35437	1.0	
0.16628	0.36153	1.0	
# Depth = 6, x = 0.17188 - 0.18750, y = 0.35313 - 0.36250
0.18426	0.36011	0.0	
0.17244	0.35567	1.0	
0.17832	0.35630	1.0	
0.17755	0.35826	1.0	
0.18639	0.35488	1.0	
0.18184	0.35384	1.0	
0.18600	0.36022	1.0	
0.17508	0.36071	0.0	
0.18483	0.35444	1.0	
0.18273	0.35349	1.0	
0.17241	0.35510	1.0	
0.18600	0.36051	1.0	
# Depth = 6, x = 0.15625 - 0.17188, y = 0.34375 - 0.35313
0.17086	0.34488	1.0	
0.15890	0.34792	1.0	
0.16023	0.34864	1.0	
0.16423	0.34793	1.0	
0.16717	0.34510	1.0	
0.16394	0.34694	1.0	
0.16952	0.34671	1.0	
0.16861	0.34659	1.0	
0.17037	0.35297	1.0	
0.17041	0.34407	1.0	
0.16847	0.34937	1.0	
0.16662	0.34836	1.0	
# Depth = 6, x = 0.17188 - 0.18750, y = 0.34375 - 0.35313
0.17617	0.35278	1.0	
0.18071	0.34393	1.0	
0.18366	0.35289	1.0	
0.18077	0.34987	1.0	
0.17617	0.35228	1.0	
0.17365	0.35239	1.0	
0.17597	0.34715	1.0	
0.17685	0.34611	1.0	
0.17962	0.34445	1.0	
0.17384	0.34932	1.0	
0.18105	0.34570	1.0	
0.18528	0.34522	1.0	
# Depth = 5, x = 0.12500 - 0.15625, y = 0.32500 - 0.34375
0.14768	0.33349	1.0	
0.15582	0.33415	1.0	
0.13700	0.34039	1.0	
0.12822	0.34278	1.0	
0.14744	0.32926	1.0	
0.13781	0.33838	1.0	
0.15470	0.32931	1.0	
0.13275	0.33059	1.0	
0.12728	0.33118	1.0	
0.12706	0.32882	1.0	
0.14915	0.33553	1.0	
0.14742	0.33329	1.0	
# Depth = 5, x = 0.15625 - 0.18750, y = 0.32500 - 0.34375
0.18639	0.34042	1.0	
0.16934	0.32673	1.0	
0.16742	0.33006	1.0	
0.18374	0.33622	1.0	
0.17353	0.32954	1.0	
0.16907	0.32544	1.0	
0.17120	0.33156	1.0	
0.18636	0.32580	1.0	
0.17857	0.32838	1.0	
0.17454	0.33586	1.0	
0.18411	0.32688	1.0	
0.17688	0.33528	1.0	
# Depth = 6, x = 0.18750 - 0.20312, y = 0.35313 - 0.36250
0.19276	0.35531	0.0	
0.19973	0.36119	0.0	
0.20204	0.36181	0.0	
0.18759	0.36091	1.0	
0.19737	0.35399	1.0	
0.19932	0.35414	0.0	
0.19723	0.35751	0.0	
0.20196	0.36153	1.0	
0.19032	0.35734	1.0	
0.18788	0.35895	1.0	
0.19272	0.36241	0.0	
0.20117	0.35957	0.0	
# Depth = 6, x = 0.20312 - 0.21875, y = 0.35313 - 0.36250
0.21356	0.35650	0.0	
0.21599	0.36184	1.0	
0.21174	0.35849	0.0	
0.21023	0.36152	0.0	
0.21354	0.35885	1.0	
0.21348	0.35479	1.0	
0.20949	0.36129	0.0	
0.21489	0.36004	1.0	
0.21661	0.35379	1.0	
0.21387	0.36075	0.0	
0.20895	0.35814	0.0	
0.21754	0.36076	0.0	
# Depth = 6, x = 0.18750 - 0.20312, y = 0.34375 - 0.35313
0.18851	0.35263	1.0	
0.20091	0.35117	1.0	
0.19868	0.35292	1.0	
0.18967	0.34610	0.0	
0.19957	0.34865	1.0	
0.20221	0.35161	0.0	
0.18967	0.34748	1.0	
0.19374	0.35042	1.0	
0.20036	0.34782	0.0	
0.18771	0.35126	1.0	
0.19553	0.34628	1.0	
0.19379	0.34392	1.0	
# Depth = 6, x = 0.20312 - 0.21875, y = 0.34375 - 0.35313
0.21200	0.35307	1.0	
0.20937	0.34419	1.0	
0.20771	0.34845	1.0	
0.20632	0.34382	1.0	
0.21593	0.34911	1.0	
0.21606	0.34534	1.0	
0.21228	0.34925	0.0	
0.21086	0.35075	0.0	
0.21433	0.34380	0.0	
0.21466	0.35246	0.0	
0.21338	0.34440	0.0	
0.21454	0.35042	1.0	
# Depth = 6, x = 0.21875 - 0.23438, y = 0.35313 - 0.36250
0.22818	0.35335	1.0	
0.22775	0.35791	0.0	
0.23343	0.35667	1.0	
0.22840	0.36190	0.0	
0.22029	0.35998	0.0	
0.22012	0.35423	0.0	
0.23407	0.36122	0.0	
0.23390	0.36075	1.0	
0.22294	0.36115	0.0	
0.22371	0.36106	0.0	
0.22048	0.36025	0.0	
0.21940	0.35735	1.0	
# Depth = 6, x = 0.23438 - 0.25000, y = 0.35313 - 0.36250
0.23724	0.35952	0.0	
0.24741	0.36195	0.0	
0.23637	0.36148	0.0	
0.24049	0.35750	0.0	
0.24731	0.36032	1.0	
0.24633	0.35519	0.0	
0.24403	0.35329	1.0	
0.24120	0.35322	0.0	
0.24736	0.35625	0.0	
0.23744	0.35706	0.0	
0.23945	0.35380	0.0	
0.23797	0.35548	0.0	
# Depth = 6, x = 0.21875 - 0.23438, y = 0.34375 - 0.35313
0.22335	0.34452	1.0	
0.22812	0.34576	1.0	
0.22095	0.34774	1.0	
0.21965	0.34681	1.0	
0.21884	0.34376	1.0	
0.23033	0.34835	1.0	
0.21981	0.34881	0.0	
0.22394	0.35247	1.0	
0.22586	0.35120	1.0	
0.23414	0.34433	1.0	
0.22379	0.34454	0.0	
0.23313	0.34887	1.0	
# Depth = 6, x = 0.23438 - 0.25000, y = 0.34375 - 0.35313
0.23602	0.34617	0.0	
0.23988	0.34618	0.0	
0.24189	0.34454	0.0	
0.24919	0.35256	0.0	
0.23863	0.34608	1.0	
0.24890	0.34423	0.0	
0.23739	0.34492	0.0	
0.23898	0.34520	1.0	
0.24940	0.34558	0.0	
0.24438	0.34771	1.0	
0.23964	0.34934	0.0	
0.24534	0.34887	0.0	
# Depth = 6, x = 0.18750 - 0.20312, y = 0.33437 - 0.34375
0.20290	0.34101	1.0	
0.19952	0.34208	1.0	
0.19451	0.34244	1.0	
0.18944	0.34236	1.0	
0.19567	0.34274	1.0	
0.19413	0.33994	1.0	
0.19406	0.33461	1.0	
0.19362	0.33766	1.0	
0.19261	0.33938	1.0	
0.19808	0.33945	1.0	
0.19187	0.34176	1.0	
0.20268	0.34206	1.0	
# Depth = 6, x = 0.20312 - 0.21875, y = 0.33437 - 0.34375
0.21106	0.33531	1.0	
0.21024	0.33627	1.0	
0.20509	0.33489	1.0	
0.20627	0.34046	1.0	
0.20779	0.34314	0.0	
0.21470	0.34065	1.0	
0.20529	0.34186	1.0	
0.20595	0.33683	1.0	
0.21688	0.34057	1.0	
0.20637	0.33717	1.0	
0.20877	0.34027	1.0	
0.20448	0.34016	1.0	
# Depth = 6, x = 0.18750 - 0.20312, y = 0.32500 - 0.33437
0.19552	0.33255	1.0	
0.19759	0.32945	1.0	
0.19730	0.32823	1.0	
0.19679	0.33313	1.0	
0.18854	0.33222	1.0	
0.20005	0.33116	1.0	
0.18908	0.32749	1.0	
0.19002	0.33433	1.0	
0.20228	0.32985	1.0	
0.19137	0.32939	1.0	
0.18936	0.33119	1.0	
0.19262	0.33302	1.0	
# Depth = 6, x = 0.20312 - 0.21875, y = 0.32500 - 0.33437
0.20881	0.33082	1.0	
0.21698	0.32861	1.0	
0.21872	0.33084	1.0	
0.21479	0.32780	1.0	
0.20850	0.33403	1.0	
0.21150	0.33045	1.0	
0.20999	0.33007	1.0	
0.20453	0.32852	1.0	
0.21759	0.32691	1.0	
0.21846	0.32922	1.0	
0.20602	0.33290	1.0	
0.21737	0.33347	1.0	
# Depth = 6, x = 0.21875 - 0.23438, y = 0.33437 - 0.34375
0.22097	0.34257	1.0	
0.22488	0.34190	1.0	
0.22879	0.33456	1.0	
0.23237	0.33792	0.0	
0.21902	0.33973	1.0	
0.22326	0.33970	1.0	
0.22674	0.34281	1.0	
0.22635	0.33795	1.0	
0.22568	0.34297	0.0	
0.23060	0.33906	1.0	
0.23124	0.33688	0.0	
0.22091	0.33824	1.0	
# Depth = 6, x = 0.23438 - 0.25000, y = 0.33437 - 0.34375
0.24742	0.34120	1.0	
0.23842	0.34153	0.0	
0.23916	0.33670	0.0	
0.24755	0.33500	0.0	
0.24753	0.34034	0.0	
0.24082	0.33889	1.0	
0.23829	0.33769	0.0	
0.23863	0.34171	1.0	
0.23923	0.33641	1.0	
0.23928	0.33705	1.0	
0.23571	0.33645	0.0	
0.24161	0.33899	0.0	
# Depth = 6, x = 0.21875 - 0.23438, y = 0.32500 - 0.33437
0.22265	0.32604	1.0	
0.21962	0.33262	1.0	
0.22728	0.33042	1.0	
0.22955	0.32813	1.0	
0.22913	0.33209	1.0	
0.22082	0.32923	1.0	
0.22973	0.33297	1.0	
0.22544	0.32657	1.0	
0.22373	0.33056	1.0	
0.22379	0.33106	1.0	
0.22516	0.33170	1.0	
0.22927	0.33354	0.0	
# Depth = 6, x = 0.23438 - 0.25000, y = 0.32500 - 0.33437
0.23539	0.32615	1.0	
0.24877	0.32894	1.0	
0.23927	0.33153	0.0	
0.24976	0.33419	1.0	
0.23831	0.32963	0.0	
0.23802	0.32878	1.0	
0.24566	0.33093	1.0	
0.24094	0.33276	1.0	
0.24905	0.32932	1.0	
0.23631	0.32638	1.0	
0.23536	0.33159	1.0	
0.24611	0.32524	1.0	
# Depth = 3, x = 0.00000 - 0.12500, y = 0.25000 - 0.32500
0.01384	0.28168	1.0	
0.09171	0.28955	1.0	
0.02267	0.25549	1.0	
0.06196	0.25069	1.0	
0.06766	0.25008	1.0	
0.08823	0.29742	1.0	
0.02879	0.30906	1.0	
0.00820	0.27658	1.0	
0.12174	0.27460	1.0	
0.00572	0.30094	1.0	
0.00837	0.25726	1.0	
0.05321	0.26574	1.0	
# Depth = 4, x = 0.12500 - 0.18750, y = 0.28750 - 0.32500
0.14629	0.30055	1.0	
0.18349	0.30498	1.0	
0.13852	0.29287	1.0	
0.12886	0.29133	1.0	
0.18055	0.32111	1.0	
0.13002	0.32416	1.0	
0.17047	0.29479	1.0	
0.16657	0.32340	1.0	
0.15520	0.31401	1.0	
0.17094	0.29647	1.0	
0.17758	0.29686	1.0	
0.14146	0.29788	1.0	
# Depth = 4, x = 0.18750 - 0.25000, y = 0.28750 - 0.32500
0.21550	0.30735	1.0	
0.20811	0.31811	1.0	
0.22072	0.32467	1.0	
0.21175	0.31682	1.0	
0.23192	0.30651	1.0	
0.22438	0.32375	1.0	
0.21913	0.31629	1.0	
0.20846	0.30897	1.0	
0.20081	0.29178	1.0	
0.22763	0.31204	1.0	
0.19744	0.29256	1.0	
0.20075	0.29334	1.0	
# Depth = 4, x = 0.12500 - 0.18750, y = 0.25000 - 0.28750
0.13167	0.27130	1.0	
0.17388	0.26622	1.0	
0.16025	0.27887	1.0	
0.17740	0.28200	1.0	
0.18604	0.27415	1.0	
0.14978	0.27988	1.0	
0.12900	0.28025	1.0	
0.14238	0.25581	1.0	
0.16374	0.28446	1.0	
0.12876	0.28442	1.0	
0.15994	0.27559	1.0	
0.15409	0.26868	1.0	
# Depth = 4, x = 0.18750 - 0.25000, y = 0.25000 - 0.28750
0.19562	0.28740	1.0	
0.20355	0.28309	1.0	
0.24382	0.28670	1.0	
0.19641	0.28244	1.0	
0.18837	0.27779	1.0	
0.24886	0.26062	1.0	
0.22629	0.26022	1.0	
0.23689	0.26880	1.0	
0.24026	0.28065	1.0	
0.23060	0.28627	1.0	
0.20915	0.25616	1.0	
0.18781	0.25002	1.0	
# Depth = 4, x = 0.25000 - 0.31250, y = 0.36250 - 0.40000
0.26276	0.39078	0.0	
0.25615	0.37049	0.0	
0.28587	0.38923	0.0	
0.25747	0.38690	0.0	
0.29465	0.39619	0.0	
0.29610	0.38296	0.0	
0.29801	0.37441	0.0	
0.27297	0.39874	0.0	
0.26506	0.36749	0.0	
0.27511	0.38354	0.0	
0.27292	0.36666	0.0	
0.29808	0.38436	0.0	
# Depth = 4, x = 0.31250 - 0.37500, y = 0.36250 - 0.40000
0.37497	0.37035	0.0	
0.35772	0.39639	0.0	
0.37375	0.36304	0.0	
0.33813	0.39021	0.0	
0.31890	0.39704	0.0	
0.37120	0.37236	0.0	
0.32915	0.39225	0.0	
0.37121	0.39353	0.0	
0.36151	0.38617	0.0	
0.34503	0.39268	0.0	
0.33615	0.37623	0.0	
0.36695	0.38209	0.0	
# Depth = 6, x = 0.25000 - 0.26562, y = 0.35313 - 0.36250
0.25303	0.35345	0.0	
0.26078	0.36011	0.0	
0.26289	0.35537	0.0	
0.26354	0.35927	0.0	
0.25247	0.35371	0.0	
0.25830	0.35331	1.0	
0.26115	0.35555	0.0	
0.25437	0.36094	0.0	
0.25723	0.36136	0.0	
0.25139	0.35473	0.0	
0.26561	0.35545	0.0	
0.26166	0.35316	0.0	
# Depth = 6, x = 0.26562 - 0.28125, y = 0.35313 - 0.36250
0.27725	0.35706	0.0	
0.27710	0.36008	0.0	
0.27096	0.35542	0.0	
0.27677	0.36030	0.0	
0.27044	0.35428	0.0	
0.27717	0.35810	0.0	
0.26963	0.35889	0.0	
0.27035	0.35789	0.0	
0.27806	0.36072	0.0	
0.27281	0.35595	0.0	
0.27591	0.35331	1.0	
0.27728	0.35505	0.0	
# Depth = 6, x = 0.25000 - 0.26562, y = 0.34375 - 0.35313
0.25244	0.35167	0.0	
0.26497	0.35196	1.0	
0.26006	0.34814	0.0	
0.26485	0.35240	1.0	
0.26506	0.34815	0.0	
0.25038	0.34661	0.0	
0.25368	0.34750	1.0	
0.26492	0.34822	0.0	
0.25682	0.34449	0.0	
0.26201	0.34513	0.0	
0.25012	0.34993	0.0	
0.25092	0.34591	0.0	
# Depth = 6, x = 0.26562 - 0.28125, y = 0.34375 - 0.35313
0.27794	0.34603	0.0	
0.27608	0.34914	0.0	
0.28000	0.34595	0.0	
0.27524	0.34516	0.0	
0.27576	0.34806	1.0	
0.27243	0.34717	1.0	
0.26573	0.34782	1.0	
0.27083	0.34621	1.0	
0.27510	0.34780	1.0	
0.26823	0.34626	0.0	
0.27195	0.34710	0.0	
0.27142	0.34979	0.0	
# Depth = 6, x = 0.28125 - 0.29688, y = 0.35313 - 0.36250
0.28832	0.36207	0.0	
0.28758	0.35519	0.0	
0.29226	0.35433	0.0	
0.28783	0.35518	0.0	
0.29464	0.35625	0.0	
0.28894	0.35525	0.0	
0.28341	0.35414	0.0	
0.28129	0.35663	0.0	
0.28998	0.35626	0.0	
0.29273	0.36034	0.0	
0.29598	0.36222	0.0	
0.28190	0.36059	0.0	
# Depth = 6, x = 0.29688 - 0.31250, y = 0.35313 - 0.36250
0.30166	0.35718	0.0	
0.29892	0.35976	0.0	
0.30696	0.35944	0.0	
0.30702	0.35996	0.0	
0.30817	0.35990	0.0	
0.30299	0.35433	0.0	
0.30271	0.35921	0.0	
0.30123	0.35511	0.0	
0.30869	0.35490	0.0	
0.31186	0.35357	0.0	
0.30580	0.35481	0.0	
0.30022	0.35561	0.0	
# Depth = 6, x = 0.28125 - 0.29688, y = 0.34375 - 0.35313
0.28458	0.34951	0.0	
0.28581	0.35089	0.0	
0.28197	0.35130	0.0	
0.28350	0.35282	0.0	
0.28937	0.34754	0.0	
0.28807	0.34571	1.0	
0.28655	0.35264	0.0	
0.28964	0.35053	0.0	
0.28827	0.34960	0.0	
0.28556	0.35099	0.0	
0.29537	0.34865	0.0	
0.29465	0.34889	0.0	
# Depth = 6, x = 0.29688 - 0.31250, y = 0.34375 - 0.35313
0.29995	0.34619	1.0	
0.30081	0.35173	1.0	
0.29901	0.34717	0.0	
0.30055	0.35034	1.0	
0.29965	0.34618	0.0	
0.31153	0.35004	0.0	
0.30853	0.34781	0.0	
0.29895	0.35235	0.0	
0.31078	0.34851	0.0	
0.29954	0.34585	0.0	
0.29929	0.35188	0.0	
0.30794	0.35196	0.0	
# Depth = 6, x = 0.25000 - 0.26562, y = 0.33437 - 0.34375
0.26053	0.34284	1.0	
0.26165	0.34201	1.0	
0.25648	0.33443	1.0	
0.26142	0.34138	1.0	
0.26056	0.33953	1.0	
0.25015	0.33898	0.0	
0.26282	0.33788	0.0	
0.25293	0.34040	0.0	
0.25648	0.33925	1.0	
0.26340	0.34273	1.0	
0.26152	0.34164	0.0	
0.25338	0.33743	1.0	
# Depth = 6, x = 0.26562 - 0.28125, y = 0.33437 - 0.34375
0.27221	0.34195	1.0	
0.27152	0.33575	1.0	
0.27753	0.34314	0.0	
0.26716	0.34089	0.0	
0.26747	0.34245	1.0	
0.27981	0.33620	1.0	
0.27141	0.33584	0.0	
0.27891	0.34199	0.0	
0.28010	0.34246	1.0	
0.27873	0.33505	1.0	
0.27294	0.33735	0.0	
0.27808	0.34097	1.0	
# Depth = 6, x = 0.25000 - 0.26562, y = 0.32500 - 0.33437
0.26045	0.32522	1.0	
0.26174	0.33431	1.0	
0.26467	0.32881	1.0	
0.25106	0.32746	1.0	
0.25277	0.32971	1.0	
0.26291	0.33378	1.0	
0.25552	0.32592	1.0	
0.26218	0.32546	1.0	
0.25090	0.32583	1.0	
0.25228	0.32816	0.0	
0.25139	0.32979	1.0	
0.26303	0.33321	0.0	
# Depth = 6, x = 0.26562 - 0.28125, y = 0.32500 - 0.33437
0.26935	0.33108	1.0	
0.28097	0.32649	0.0	
0.27662	0.32926	0.0	
0.26952	0.32633	1.0	
0.27802	0.33373	0.0	
0.27090	0.33286	1.0	
0.27082	0.32722	0.0	
0.26990	0.32995	1.0	
0.27665	0.33171	0.0	
0.27955	0.32577	1.0	
0.28111	0.33008	0.0	
0.28018	0.33133	0.0	
# Depth = 6, x = 0.28125 - 0.29688, y = 0.33437 - 0.34375
0.29670	0.33576	1.0	
0.28161	0.33471	1.0	
0.28149	0.33502	0.0	
0.28999	0.33792	0.0	
0.28176	0.34117	0.0	
0.29330	0.33515	1.0	
0.28160	0.33538	1.0	
0.29331	0.33904	0.0	
0.28169	0.33598	1.0	
0.28393	0.33768	0.0	
0.29168	0.33442	0.0	
0.28542	0.33862	0.0	
# Depth = 6, x = 0.29688 - 0.31250, y = 0.33437 - 0.34375
0.29855	0.34116	0.0	
0.30068	0.34034	0.0	
0.31220	0.33742	0.0	
0.30621	0.33836	0.0	
0.30630	0.33638	0.0	
0.30932	0.33459	0.0	
0.30914	0.34254	0.0	
0.30751	0.33744	0.0	
0.30327	0.33891	1.0	
0.30672	0.33941	0.0	
0.29765	0.34084	0.0	
0.30431	0.33670	0.0	
# Depth = 6, x = 0.28125 - 0.29688, y = 0.32500 - 0.33437
0.29587	0.32884	1.0	
0.29404	0.33292	1.0	
0.28503	0.33195	0.0	
0.28289	0.33322	0.0	
0.28626	0.32751	1.0	
0.29384	0.32557	1.0	
0.29039	0.33125	0.0	
0.28200	0.33250	1.0	
0.29326	0.32933	0.0	
0.29256	0.32935	1.0	
0.29286	0.33417	0.0	
0.29026	0.32688	1.0	
# Depth = 6, x = 0.29688 - 0.31250, y = 0.32500 - 0.33437
0.30788	0.33111	0.0	
0.31034	0.32967	0.0	
0.30117	0.32972	0.0	
0.31133	0.33227	0.0	
0.30661	0.32808	1.0	
0.30489	0.33236	0.0	
0.30486	0.33162	1.0	
0.31176	0.32587	1.0	
0.31212	0.32750	0.0	
0.30480	0.32817	0.0	
0.30986	0.32569	0.0	
0.31225	0.32968	0.0	
# Depth = 6, x = 0.31250 - 0.32812, y = 0.35313 - 0.36250
0.32794	0.35873	0.0	
0.32580	0.35831	0.0	
0.32051	0.35710	0.0	
0.31262	0.36177	0.0	
0.32498	0.35752	0.0	
0.32811	0.35968	0.0	
0.32458	0.35680	0.0	
0.32517	0.35900	0.0	
0.32166	0.35686	0.0	
0.31420	0.35612	0.0	
0.32145	0.35704	0.0	
0.31698	0.36227	0.0	
# Depth = 6, x = 0.32812 - 0.34375, y = 0.35313 - 0.36250
0.33450	0.35672	0.0	
0.34208	0.35686	0.0	
0.34247	0.35616	0.0	
0.33316	0.35507	0.0	
0.32875	0.36160	0.0	
0.33702	0.35841	0.0	
0.32952	0.35611	0.0	
0.33720	0.36108	0.0	
0.33756	0.35833	0.0	
0.33953	0.35988	0.0	
0.33316	0.35344	0.0	
0.33662	0.35834	0.0	
# Depth = 6, x = 0.31250 - 0.32812, y = 0.34375 - 0.35313
0.31891	0.34419	0.0	
0.32091	0.34722	0.0	
0.31971	0.35262	0.0	
0.32550	0.34817	0.0	
0.31658	0.34618	0.0	
0.32060	0.34529	0.0	
0.31363	0.35151	0.0	
0.31902	0.35086	0.0	
0.31541	0.34908	0.0	
0.31261	0.34544	0.0	
0.31928	0.34897	0.0	
0.32164	0.34631	0.0	
# Depth = 6, x = 0.32812 - 0.34375, y = 0.34375 - 0.35313
0.33021	0.35102	0.0	
0.33784	0.35213	0.0	
0.32982	0.34885	0.0	
0.33478	0.35241	0.0	
0.33573	0.35222	0.0	
0.33299	0.34772	0.0	
0.34189	0.34391	0.0	
0.34359	0.34419	0.0	
0.33928	0.35193	0.0	
0.33094	0.35174	0.0	
0.33041	0.35264	0.0	
0.33509	0.34698	0.0	
# Depth = 5, x = 0.34375 - 0.37500, y = 0.34375 - 0.36250
0.36229	0.35772	0.0	
0.36384	0.36190	0.0	
0.36124	0.36006	0.0	
0.34915	0.34421	0.0	
0.34695	0.35051	0.0	
0.36242	0.35363	0.0	
0.34784	0.35120	0.0	
0.36257	0.36198	0.0	
0.34971	0.36108	0.0	
0.35393	0.35855	0.0	
0.35657	0.35135	0.0	
0.35344	0.35910	0.0	
# Depth = 6, x = 0.31250 - 0.32812, y = 0.33437 - 0.34375
0.32029	0.33633	0.0	
0.31984	0.34374	0.0	
0.31687	0.33441	1.0	
0.31695	0.33455	0.0	
0.32402	0.33805	0.0	
0.31809	0.33951	0.0	
0.32523	0.33826	0.0	
0.31282	0.33708	0.0	
0.32166	0.33976	0.0	
0.32391	0.33697	0.0	
0.32257	0.34244	0.0	
0.31377	0.34353	0.0	
# Depth = 6, x = 0.32812 - 0.34375, y = 0.33437 - 0.34375
0.33954	0.33627	0.0	
0.34238	0.33853	0.0	
0.33997	0.34171	0.0	
0.33357	0.34138	0.0	
0.32993	0.34030	0.0	
0.32823	0.33980	0.0	
0.32821	0.33917	0.0	
0.34145	0.33609	0.0	
0.33525	0.34313	0.0	
0.32959	0.33812	0.0	
0.33504	0.33620	0.0	
0.32953	0.34166	0.0	
# Depth = 6, x = 0.31250 - 0.32812, y = 0.32500 - 0.33437
0.32534	0.33341	0.0	
0.31413	0.32588	0.0	
0.31835	0.33091	0.0	
0.32333	0.32831	0.0	
0.31627	0.33198	0.0	
0.31775	0.33178	0.0	
0.32452	0.33162	0.0	
0.31387	0.32868	0.0	
0.31775	0.33239	0.0	
0.32444	0.32686	0.0	
0.32402	0.32995	0.0	
0.32069	0.33388	0.0	
# Depth = 6, x = 0.32812 - 0.34375, y = 0.32500 - 0.33437
0.33091	0.33066	1.0	
0.32851	0.32782	0.0	
0.33482	0.32738	0.0	
0.33999	0.32835	1.0	
0.33991	0.32511	0.0	
0.34057	0.32734	1.0	
0.33901	0.33401	0.0	
0.33908	0.33057	0.0	
0.33560	0.33383	0.0	
0.33933	0.32853	0.0	
0.33371	0.33013	1.0	
0.33908	0.33124	0.0	
# Depth = 6, x = 0.34375 - 0.35938, y = 0.33437 - 0.34375
0.35885	0.34119	0.0	
0.35157	0.34086	0.0	
0.35334	0.33924	0.0	
0.35060	0.34132	0.0	
0.35884	0.33585	0.0	
0.34688	0.33913	0.0	
0.35447	0.33954	0.0	
0.34733	0.33640	0.0	
0.35708	0.33591	0.0	
0.35354	0.33841	0.0	
0.35424	0.34279	0.0	
0.34458	0.33585	0.0	
# Depth = 6, x = 0.35938 - 0.37500, y = 0.33437 - 0.34375
0.37323	0.34031	0.0	
0.37078	0.34233	0.0	
0.37344	0.33457	0.0	
0.36993	0.34014	0.0	
0.36215	0.33741	0.0	
0.37264	0.34054	0.0	
0.37483	0.34293	0.0	
0.36441	0.34294	0.0	
0.37221	0.33980	0.0	
0.37353	0.33726	0.0	
0.36788	0.34143	0.0	
0.36251	0.33547	0.0	
# Depth = 6, x = 0.34375 - 0.35938, y = 0.32500 - 0.33437
0.34624	0.33329	0.0	
0.34383	0.32621	0.0	
0.34759	0.33054	1.0	
0.35391	0.32889	0.0	
0.34902	0.33039	1.0	
0.34603	0.32550	1.0	
0.35809	0.32926	0.0	
0.34763	0.33306	0.0	
0.34797	0.33259	0.0	
0.35448	0.32529	1.0	
0.34697	0.32502	1.0	
0.35903	0.33052	0.0	
# Depth = 6, x = 0.35938 - 0.37500, y = 0.32500 - 0.33437
0.36616	0.33212	0.0	
0.36401	0.32861	0.0	
0.36135	0.33180	0.0	
0.37093	0.32643	0.0	
0.36366	0.32651	0.0	
0.36992	0.32530	0.0	
0.36306	0.33087	0.0	
0.35981	0.32820	0.0	
0.36748	0.32642	0.0	
0.37053	0.33360	0.0	
0.36920	0.32720	0.0	
0.35945	0.33127	0.0	
# Depth = 3, x = 0.37500 - 0.50000, y = 0.32500 - 0.40000
0.48563	0.35225	0.0	
0.49631	0.36448	0.0	
0.44252	0.32857	0.0	
0.38010	0.39271	0.0	
0.44186	0.36309	0.0	
0.41899	0.38062	0.0	
0.40078	0.32719	0.0	
0.41851	0.35513	0.0	
0.46974	0.38100	0.0	
0.46620	0.36299	0.0	
0.45390	0.34881	0.0	
0.43778	0.37545	0.0	
# Depth = 6, x = 0.25000 - 0.26562, y = 0.31563 - 0.32500
0.25438	0.31676	1.0	
0.25512	0.31771	1.0	
0.26182	0.31602	1.0	
0.25149	0.32057	1.0	
0.26205	0.32027	1.0	
0.25920	0.32264	1.0	
0.25819	0.31641	1.0	
0.26398	0.31731	1.0	
0.25675	0.31953	1.0	
0.26146	0.32415	1.0	
0.25346	0.32004	1.0	
0.25422	0.32494	1.0	
# Depth = 6, x = 0.26562 - 0.28125, y = 0.31563 - 0.32500
0.27834	0.32359	1.0	
0.27326	0.31692	1.0	
0.27021	0.32143	0.0	
0.26818	0.32351	1.0	
0.27498	0.31807	1.0	
0.28073	0.31606	1.0	
0.26662	0.32001	1.0	
0.27761	0.32379	1.0	
0.27050	0.32461	1.0	
0.27083	0.32414	1.0	
0.27709	0.32202	1.0	
0.27260	0.32362	1.0	
# Depth = 6, x = 0.25000 - 0.26562, y = 0.30625 - 0.31563
0.25890	0.31519	1.0	
0.26314	0.30962	1.0	
0.26471	0.30972	1.0	
0.26054	0.31396	1.0	
0.25311	0.30955	1.0	
0.25344	0.31027	1.0	
0.25096	0.31502	1.0	
0.25459	0.31064	1.0	
0.25298	0.30946	1.0	
0.25543	0.31311	1.0	
0.25559	0.30852	1.0	
0.26348	0.30995	1.0	
# Depth = 6, x = 0.26562 - 0.28125, y = 0.30625 - 0.31563
0.27985	0.31439	1.0	
0.27660	0.30813	1.0	
0.27839	0.31137	1.0	
0.27313	0.31441	1.0	
0.27642	0.30803	1.0	
0.27333	0.30736	1.0	
0.27576	0.31545	1.0	
0.27880	0.31097	1.0	
0.27922	0.30818	1.0	
0.26570	0.31461	1.0	
0.27590	0.31137	1.0	
0.28105	0.31498	1.0	
# Depth = 6, x = 0.28125 - 0.29688, y = 0.31563 - 0.32500
0.29081	0.31769	1.0	
0.28788	0.31881	0.0	
0.28202	0.31643	1.0	
0.28129	0.32405	1.0	
0.28549	0.31896	1.0	
0.29178	0.32149	1.0	
0.29147	0.31745	1.0	
0.28818	0.31845	1.0	
0.28181	0.31713	0.0	
0.28550	0.32300	0.0	
0.29488	0.32416	1.0	
0.28862	0.31707	1.0	
# Depth = 6, x = 0.29688 - 0.31250, y = 0.31563 - 0.32500
0.30701	0.32094	0.0	
0.30076	0.31563	1.0	
0.30929	0.31976	0.0	
0.30783	0.31901	0.0	
0.30738	0.32414	1.0	
0.31201	0.31563	0.0	
0.29891	0.31834	0.0	
0.29887	0.31922	0.0	
0.29785	0.32401	0.0	
0.31141	0.31879	1.0	
0.29766	0.31661	0.0	
0.30591	0.31958	0.0	
# Depth = 6, x = 0.28125 - 0.29688, y = 0.30625 - 0.31563
0.29362	0.31388	1.0	
0.29631	0.31195	1.0	
0.28899	0.30813	1.0	
0.28796	0.31261	1.0	
0.28603	0.30678	1.0	
0.29228	0.30821	1.0	
0.28706	0.30771	1.0	
0.28726	0.31361	0.0	
0.28542	0.30959	1.0	
0.29098	0.31504	0.0	
0.28402	0.30745	1.0	
0.29412	0.31380	0.0	
# Depth = 6, x = 0.29688 - 0.31250, y = 0.30625 - 0.31563
0.31069	0.31479	0.0	
0.30978	0.31552	0.0	
0.30636	0.31148	1.0	
0.30319	0.30988	1.0	
0.30313	0.31267	1.0	
0.30183	0.30857	0.0	
0.29730	0.31214	0.0	
0.31020	0.31045	1.0	
0.29753	0.31145	1.0	
0.30747	0.31335	0.0	
0.31003	0.30656	0.0	
0.30741	0.31394	1.0	
# Depth = 5, x = 0.25000 - 0.28125, y = 0.28750 - 0.30625
0.25816	0.30293	1.0	
0.27618	0.29321	1.0	
0.26361	0.29586	1.0	
0.26511	0.29185	1.0	
0.27243	0.29128	1.0	
0.26218	0.29920	1.0	
0.27397	0.29619	1.0	
0.26915	0.29582	1.0	
0.27076	0.30186	1.0	
0.27026	0.29643	1.0	
0.27051	0.29708	1.0	
0.26142	0.28908	1.0	
# Depth = 6, x = 0.28125 - 0.29688, y = 0.29688 - 0.30625
0.28907	0.29719	1.0	
0.28935	0.29873	1.0	
0.29292	0.30274	1.0	
0.28354	0.30240	1.0	
0.29339	0.30402	1.0	
0.29003	0.30150	1.0	
0.28402	0.29980	1.0	
0.28324	0.30262	1.0	
0.29586	0.30116	1.0	
0.28723	0.30495	1.0	
0.29388	0.30349	1.0	
0.29354	0.30591	0.0	
# Depth = 6, x = 0.29688 - 0.31250, y = 0.29688 - 0.30625
0.29689	0.30038	1.0	
0.31154	0.29990	0.0	
0.29904	0.29759	1.0	
0.30531	0.29726	1.0	
0.30561	0.29968	1.0	
0.29922	0.29969	1.0	
0.31005	0.30081	1.0	
0.30064	0.30372	1.0	
0.30523	0.30315	0.0	
0.29693	0.30246	1.0	
0.30781	0.29752	1.0	
0.30046	0.30384	1.0	
# Depth = 6, x = 0.28125 - 0.29688, y = 0.28750 - 0.29688
0.29188	0.29665	1.0	
0.28485	0.28986	1.0	
0.29180	0.29633	1.0	
0.29500	0.29558	1.0	
0.29344	0.28852	1.0	
0.29048	0.29547	1.0	
0.29027	0.29337	1.0	
0.29156	0.28874	1.0	
0.29002	0.29376	1.0	
0.29124	0.29218	1.0	
0.29481	0.29657	1.0	
0.29184	0.29458	1.0	
# Depth = 6, x = 0.29688 - 0.31250, y = 0.28750 - 0.29688
0.30005	0.28957	1.0	
0.30632	0.29340	1.0	
0.30611	0.29175	1.0	
0.30064	0.28940	1.0	
0.29981	0.29461	1.0	
0.30740	0.29230	1.0	
0.29784	0.29526	1.0	
0.31121	0.29108	1.0	
0.29773	0.29062	1.0	
0.30024	0.28953	1.0	
0.29992	0.28751	1.0	
0.31195	0.29386	1.0	
# Depth = 6, x = 0.31250 - 0.32812, y = 0.31563 - 0.32500
0.31458	0.31673	1.0	
0.32012	0.31990	1.0	
0.32642	0.32261	0.0	
0.31613	0.32161	0.0	
0.31626	0.31919	1.0	
0.31507	0.32041	0.0	
0.31518	0.32382	0.0	
0.32339	0.32223	1.0	
0.31692	0.32085	1.0	
0.31347	0.32366	0.0	
0.32801	0.32023	0.0	
0.31545	0.31894	0.0	
# Depth = 6, x = 0.32812 - 0.34375, y = 0.31563 - 0.32500
0.32931	0.31721	1.0	
0.33044	0.32464	1.0	
0.33264	0.32414	0.0	
0.34249	0.32262	1.0	
0.33715	0.32486	1.0	
0.33920	0.31631	1.0	
0.32839	0.32464	0.0	
0.33005	0.32104	1.0	
0.33805	0.32008	0.0	
0.34129	0.32373	0.0	
0.32975	0.31723	1.0	
0.33323	0.32489	0.0	
# Depth = 6, x = 0.31250 - 0.32812, y = 0.30625 - 0.31563
0.32217	0.31016	1.0	
0.31985	0.31162	1.0	
0.32021	0.31552	0.0	
0.32572	0.31422	0.0	
0.32659	0.31368	0.0	
0.32166	0.30677	1.0	
0.32513	0.31379	1.0	
0.32311	0.31423	1.0	
0.31787	0.31005	0.0	
0.32510	0.31426	1.0	
0.32155	0.31217	0.0	
0.31664	0.30641	1.0	
# Depth = 6, x = 0.32812 - 0.34375, y = 0.30625 - 0.31563
0.33639	0.31213	0.0	
0.33823	0.31065	0.0	
0.33362	0.31257	1.0	
0.33814	0.31038	1.0	
0.33670	0.31086	0.0	
0.33621	0.31013	1.0	
0.34119	0.30708	0.0	
0.33607	0.30825	0.0	
0.33529	0.31184	0.0	
0.33950	0.31233	1.0	
0.34035	0.31413	0.0	
0.34158	0.30898	0.0	
# Depth = 6, x = 0.34375 - 0.35938, y = 0.31563 - 0.32500
0.34869	0.32337	1.0	
0.35186	0.31692	0.0	
0.35796	0.32024	0.0	
0.34791	0.32176	0.0	
0.35739	0.32239	0.0	
0.35720	0.31613	1.0	
0.35315	0.31740	0.0	
0.34450	0.32324	0.0	
0.34726	0.31782	0.0	
0.34637	0.31936	0.0	
0.34561	0.31814	1.0	
0.34419	0.31850	0.0	
# Depth = 6, x = 0.35938 - 0.37500, y = 0.31563 - 0.32500
0.36307	0.31651	0.0	
0.36213	0.31892	0.0	
0.36943	0.32073	0.0	
0.37169	0.32066	0.0	
0.37293	0.31689	0.0	
0.35975	0.31746	0.0	
0.37423	0.31783	0.0	
0.36425	0.31828	1.0	
0.37099	0.31662	0.0	
0.36459	0.31931	0.0	
0.37051	0.31963	0.0	
0.36931	0.32264	0.0	
# Depth = 6, x = 0.34375 - 0.35938, y = 0.30625 - 0.31563
0.34944	0.31519	0.0	
0.35454	0.30723	0.0	
0.34463	0.31421	1.0	
0.34628	0.31549	0.0	
0.35082	0.30872	0.0	
0.34472	0.31263	0.0	
0.35409	0.31056	0.0	
0.34513	0.30963	0.0	
0.34457	0.31020	0.0	
0.35614	0.31524	0.0	
0.35517	0.31427	1.0	
0.35427	0.30653	1.0	
# Depth = 6, x = 0.35938 - 0.37500, y = 0.30625 - 0.31563
0.36932	0.31138	0.0	
0.35975	0.31518	0.0	
0.36646	0.31075	0.0	
0.37108	0.31386	0.0	
0.36666	0.31120	0.0	
0.36035	0.30825	0.0	
0.36282	0.31485	0.0	
0.36696	0.30767	0.0	
0.36742	0.31111	0.0	
0.37293	0.31303	0.0	
0.36210	0.31291	0.0	
0.36936	0.31182	0.0	
# Depth = 6, x = 0.31250 - 0.32812, y = 0.29688 - 0.30625
0.32511	0.29931	1.0	
0.31981	0.30396	1.0	
0.31882	0.30456	1.0	
0.32555	0.30409	1.0	
0.32141	0.29758	1.0	
0.31690	0.30529	1.0	
0.31493	0.29690	1.0	
0.32590	0.30342	1.0	
0.31759	0.29973	1.0	
0.31904	0.30592	1.0	
0.32769	0.30608	0.0	
0.31614	0.30154	0.0	
# Depth = 6, x = 0.32812 - 0.34375, y = 0.29688 - 0.30625
0.33943	0.30272	1.0	
0.33698	0.30551	0.0	
0.34346	0.29905	0.0	
0.34300	0.30033	0.0	
0.33047	0.30117	1.0	
0.33167	0.30173	0.0	
0.33546	0.29908	1.0	
0.33281	0.30229	0.0	
0.33177	0.30019	0.0	
0.33406	0.30618	1.0	
0.33785	0.30118	1.0	
0.33880	0.30028	0.0	
# Depth = 6, x = 0.31250 - 0.32812, y = 0.28750 - 0.29688
0.32390	0.29163	1.0	
0.31840	0.29600	1.0	
0.32686	0.28855	1.0	
0.31786	0.28934	1.0	
0.32327	0.29256	1.0	
0.31265	0.29249	0.0	
0.32065	0.29195	1.0	
0.32686	0.28956	1.0	
0.32317	0.29294	1.0	
0.31401	0.29478	1.0	
0.32124	0.29020	1.0	
0.32281	0.29508	1.0	
# Depth = 6, x = 0.32812 - 0.34375, y = 0.28750 - 0.29688
0.33905	0.29506	0.0	
0.33029	0.29218	1.0	
0.33442	0.29609	1.0	
0.33273	0.29645	0.0	
0.33571	0.28869	1.0	
0.33871	0.29467	1.0	
0.33155	0.29305	1.0	
0.33448	0.28849	1.0	
0.34293	0.29201	1.0	
0.33046	0.29020	1.0	
0.33106	0.29106	1.0	
0.34058	0.29376	1.0	
# Depth = 6, x = 0.34375 - 0.35938, y = 0.29688 - 0.30625
0.34448	0.30285	0.0	
0.34821	0.29943	0.0	
0.34420	0.30340	0.0	
0.35392	0.30385	0.0	
0.34838	0.30055	1.0	
0.34468	0.30433	1.0	
0.35693	0.30284	0.0	
0.34800	0.30605	1.0	
0.35483	0.29740	1.0	
0.34483	0.29787	1.0	
0.34905	0.29781	0.0	
0.34536	0.30051	0.0	
# Depth = 6, x = 0.35938 - 0.37500, y = 0.29688 - 0.30625
0.36464	0.30469	0.0	
0.36744	0.29864	1.0	
0.37364	0.30034	0.0	
0.36349	0.30322	0.0	
0.35940	0.29977	0.0	
0.36346	0.30018	0.0	
0.36748	0.30220	0.0	
0.36032	0.29703	0.0	
0.37368	0.30032	0.0	
0.36317	0.30307	0.0	
0.36924	0.30240	0.0	
0.37014	0.30471	1.0	
# Depth = 6, x = 0.34375 - 0.35938, y = 0.28750 - 0.29688
0.35585	0.29144	0.0	
0.34533	0.29047	1.0	
0.34894	0.28942	0.0	
0.35457	0.29161	1.0	
0.35080	0.28892	1.0	
0.34744	0.29448	0.0	
0.35052	0.28806	1.0	
0.34561	0.28774	1.0	
0.34841	0.29469	1.0	
0.34679	0.28940	0.0	
0.35140	0.29682	1.0	
0.35846	0.29033	1.0	
# Depth = 6, x = 0.35938 - 0.37500, y = 0.28750 - 0.29688
0.36848	0.29499	1.0	
0.36620	0.29254	1.0	
0.36171	0.29504	0.0	
0.37207	0.29066	1.0	
0.36859	0.29229	0.0	
0.37354	0.29524	1.0	
0.37256	0.29342	1.0	
0.36257	0.29250	1.0	
0.36367	0.29000	1.0	
0.36488	0.29575	0.0	
0.36831	0.29525	1.0	
0.36890	0.29547	1.0	
# Depth = 4, x = 0.25000 - 0.31250, y = 0.25000 - 0.28750
0.25027	0.28397	1.0	
0.30777	0.25886	1.0	
0.28164	0.27386	1.0	
0.29272	0.26399	1.0	
0.25678	0.26328	1.0	
0.29359	0.26900	1.0	
0.26177	0.28582	1.0	
0.25836	0.26846	1.0	
0.26726	0.25619	1.0	
0.25639	0.27512	1.0	
0.26937	0.25010	1.0	
0.25983	0.27877	1.0	
# Depth = 5, x = 0.31250 - 0.34375, y = 0.26875 - 0.28750
0.33002	0.28703	1.0	
0.33999	0.27194	1.0	
0.34363	0.28683	1.0	
0.31690	0.27074	1.0	
0.32891	0.28701	1.0	
0.32212	0.28228	1.0	
0.33067	0.28282	1.0	
0.32758	0.27150	1.0	
0.32979	0.28173	1.0	
0.33703	0.28183	1.0	
0.34261	0.28112	1.0	
0.32269	0.27352	1.0	
# Depth = 6, x = 0.34375 - 0.35938, y = 0.27812 - 0.28750
0.35559	0.28609	1.0	
0.34730	0.28205	1.0	
0.35156	0.28423	1.0	
0.35189	0.28366	1.0	
0.34547	0.27819	1.0	
0.34676	0.28274	1.0	
0.35834	0.28659	1.0	
0.34913	0.28394	1.0	
0.35701	0.28401	1.0	
0.34976	0.27814	1.0	
0.34814	0.28333	1.0	
0.35479	0.28045	0.0	
# Depth = 6, x = 0.35938 - 0.37500, y = 0.27812 - 0.28750
0.35942	0.28378	1.0	
0.36370	0.28405	0.0	
0.36167	0.28591	1.0	
0.36574	0.28603	0.0	
0.36242	0.28065	1.0	
0.37031	0.28315	0.0	
0.35983	0.28030	1.0	
0.36448	0.27827	1.0	
0.36800	0.28464	1.0	
0.36356	0.27951	1.0	
0.36894	0.28093	1.0	
0.36058	0.28713	0.0	
# Depth = 6, x = 0.34375 - 0.35938, y = 0.26875 - 0.27812
0.35705	0.27688	1.0	
0.35690	0.27271	1.0	
0.35131	0.27060	1.0	
0.35884	0.27339	1.0	
0.34667	0.27192	1.0	
0.35410	0.27054	1.0	
0.34382	0.27358	1.0	
0.34867	0.27556	1.0	
0.35807	0.27203	1.0	
0.35549	0.27804	1.0	
0.35676	0.27290	1.0	
0.35881	0.27085	1.0	
# Depth = 6, x = 0.35938 - 0.37500, y = 0.26875 - 0.27812
0.37279	0.27181	1.0	
0.36986	0.27665	1.0	
0.36686	0.27196	1.0	
0.37072	0.27020	1.0	
0.36461	0.26920	1.0	
0.37266	0.27293	1.0	
0.36212	0.27439	1.0	
0.37186	0.27557	1.0	
0.37291	0.27384	1.0	
0.36555	0.27287	1.0	
0.37202	0.27703	1.0	
0.37235	0.27694	0.0	
# Depth = 5, x = 0.31250 - 0.34375, y = 0.25000 - 0.26875
0.33287	0.25001	1.0	
0.31556	0.25102	1.0	
0.31430	0.26696	1.0	
0.32024	0.25425	1.0	
0.31370	0.26261	1.0	
0.33796	0.25774	1.0	
0.33100	0.26064	1.0	
0.33220	0.26520	1.0	
0.34364	0.26290	1.0	
0.33859	0.25634	1.0	
0.32128	0.26088	1.0	
0.33844	0.25775	1.0	
# Depth = 5, x = 0.34375 - 0.37500, y = 0.25000 - 0.26875
0.34917	0.25185	1.0	
0.34471	0.25918	1.0	
0.35970	0.25168	1.0	
0.34998	0.26187	1.0	
0.37392	0.25754	1.0	
0.34516	0.26526	1.0	
0.37079	0.26785	1.0	
0.37301	0.26439	1.0	
0.35934	0.26292	1.0	
0.35407	0.26683	1.0	
0.36774	0.25495	1.0	
0.36011	0.25613	1.0	
# Depth = 5, x = 0.37500 - 0.40625, y = 0.30625 - 0.32500
0.37933	0.31119	0.0	
0.38708	0.30731	0.0	
0.38293	0.31403	1.0	
0.39100	0.32044	0.0	
0.37765	0.31694	0.0	
0.38566	0.32198	0.0	
0.38587	0.30897	1.0	
0.39540	0.31609	0.0	
0.40319	0.31686	0.0	
0.39760	0.32145	0.0	
0.39059	0.32430	0.0	
0.38325	0.31712	0.0	
# Depth = 5, x = 0.40625 - 0.43750, y = 0.30625 - 0.32500
0.42329	0.32019	0.0	
0.42356	0.31202	0.0	
0.41091	0.32054	0.0	
0.41992	0.32072	0.0	
0.41751	0.31268	0.0	
0.41566	0.32021	0.0	
0.43382	0.32354	0.0	
0.41433	0.32371	0.0	
0.43587	0.32075	0.0	
0.41566	0.31066	0.0	
0.41041	0.30723	0.0	
0.42104	0.30661	0.0	
# Depth = 6, x = 0.37500 - 0.39062, y = 0.29688 - 0.30625
0.38496	0.29782	0.0	
0.37542	0.29797	0.0	
0.38567	0.30044	0.0	
0.38691	0.29746	1.0	
0.38785	0.29708	0.0	
0.37851	0.30224	0.0	
0.38633	0.30331	0.0	
0.38146	0.30031	1.0	
0.38951	0.29746	0.0	
0.38826	0.30427	1.0	
0.37647	0.30427	0.0	
0.37814	0.30451	0.0	
# Depth = 6, x = 0.39062 - 0.40625, y = 0.29688 - 0.30625
0.39120	0.29750	0.0	
0.39552	0.29887	0.0	
0.39757	0.30126	1.0	
0.39481	0.29705	0.0	
0.39915	0.30014	0.0	
0.39743	0.30507	0.0	
0.39360	0.30436	0.0	
0.40468	0.29729	1.0	
0.40120	0.29890	0.0	
0.39830	0.30373	0.0	
0.40397	0.30333	0.0	
0.39233	0.30387	0.0	
# Depth = 6, x = 0.37500 - 0.39062, y = 0.28750 - 0.29688
0.38622	0.29379	0.0	
0.38425	0.28826	1.0	
0.38445	0.28989	0.0	
0.38328	0.29630	1.0	
0.38192	0.29354	0.0	
0.38834	0.29630	0.0	
0.38932	0.28844	1.0	
0.39028	0.29525	0.0	
0.38671	0.29423	1.0	
0.38112	0.28960	1.0	
0.38402	0.29077	1.0	
0.38838	0.29341	1.0	
# Depth = 6, x = 0.39062 - 0.40625, y = 0.28750 - 0.29688
0.39610	0.29641	0.0	
0.39416	0.29363	0.0	
0.40503	0.29279	0.0	
0.39252	0.29539	0.0	
0.39564	0.29529	0.0	
0.39772	0.28754	1.0	
0.40219	0.29051	1.0	
0.39445	0.29504	0.0	
0.39742	0.28750	0.0	
0.40068	0.29662	1.0	
0.39602	0.29635	0.0	
0.39135	0.29575	1.0	
# Depth = 6, x = 0.40625 - 0.42188, y = 0.29688 - 0.30625
0.40866	0.29799	0.0	
0.41075	0.30072	0.0	
0.41024	0.30517	0.0	
0.41984	0.30582	0.0	
0.41397	0.30602	0.0	
0.41560	0.29803	0.0	
0.41301	0.29718	0.0	
0.41645	0.30590	0.0	
0.42000	0.30146	0.0	
0.40650	0.30499	0.0	
0.41265	0.29997	0.0	
0.41923	0.29919	0.0	
# Depth = 6, x = 0.42188 - 0.43750, y = 0.29688 - 0.30625
0.42881	0.30181	0.0	
0.43187	0.30545	0.0	
0.42929	0.30102	0.0	
0.42985	0.29745	0.0	
0.42928	0.30062	0.0	
0.42765	0.30290	0.0	
0.43450	0.30381	0.0	
0.43427	0.30023	1.0	
0.43475	0.30519	0.0	
0.42339	0.30212	0.0	
0.42846	0.30327	0.0	
0.42306	0.30503	0.0	
# Depth = 6, x = 0.40625 - 0.42188, y = 0.28750 - 0.29688
0.41533	0.29092	0.0	
0.41130	0.29139	0.0	
0.41424	0.28774	0.0	
0.40647	0.29360	0.0	
0.41652	0.29082	0.0	
0.41175	0.29333	0.0	
0.41724	0.29151	0.0	
0.41083	0.29055	0.0	
0.41720	0.28939	0.0	
0.41215	0.29017	1.0	
0.41069	0.28953	0.0	
0.40704	0.29574	0.0	
# Depth = 6, x = 0.42188 - 0.43750, y = 0.28750 - 0.29688
0.43073	0.29475	0.0	
0.43083	0.29231	0.0	
0.43357	0.29635	0.0	
0.42296	0.29049	0.0	
0.43425	0.29552	0.0	
0.43674	0.29151	0.0	
0.43662	0.29438	0.0	
0.43050	0.29545	0.0	
0.42249	0.29000	0.0	
0.43607	0.29174	0.0	
0.42356	0.29094	0.0	
0.42903	0.28918	0.0	
# Depth = 5, x = 0.43750 - 0.46875, y = 0.30625 - 0.32500
0.44656	0.31453	0.0	
0.46201	0.31397	0.0	
0.43974	0.31890	0.0	
0.46029	0.31868	0.0	
0.44983	0.31672	0.0	
0.44655	0.31089	0.0	
0.45144	0.31176	0.0	
0.46873	0.31605	0.0	
0.44175	0.31455	0.0	
0.46172	0.30861	0.0	
0.44219	0.31305	0.0	
0.43926	0.31385	0.0	
# Depth = 5, x = 0.46875 - 0.50000, y = 0.30625 - 0.32500
0.47541	0.30701	0.0	
0.47387	0.30905	0.0	
0.49434	0.31966	0.0	
0.47709	0.31763	0.0	
0.48975	0.32250	0.0	
0.47310	0.32012	0.0	
0.48488	0.31602	0.0	
0.49937	0.31629	0.0	
0.46902	0.32480	0.0	
0.47062	0.31796	0.0	
0.48487	0.30695	0.0	
0.49275	0.32490	0.0	
# Depth = 5, x = 0.43750 - 0.46875, y = 0.28750 - 0.30625
0.46539	0.29465	0.0	
0.46861	0.30622	0.0	
0.46796	0.28772	0.0	
0.45214	0.28926	0.0	
0.45136	0.30408	0.0	
0.44868	0.28869	0.0	
0.43776	0.30040	0.0	
0.44595	0.30068	0.0	
0.46861	0.29654	0.0	
0.44421	0.29839	0.0	
0.43899	0.29426	0.0	
0.45308	0.29730	0.0	
# Depth = 5, x = 0.46875 - 0.50000, y = 0.28750 - 0.30625
0.48044	0.30570	0.0	
0.49471	0.29431	0.0	
0.49952	0.28750	0.0	
0.47367	0.28843	0.0	
0.48188	0.29278	0.0	
0.47801	0.29430	0.0	
0.49800	0.30252	0.0	
0.47826	0.30497	0.0	
0.49878	0.29217	0.0	
0.48804	0.29236	0.0	
0.47375	0.29975	0.0	
0.49948	0.28831	0.0	
# Depth = 6, x = 0.37500 - 0.39062, y = 0.27812 - 0.28750
0.38580	0.27887	1.0	
0.38618	0.27895	1.0	
0.38215	0.27841	0.0	
0.38537	0.27881	1.0	
0.38695	0.28143	1.0	
0.38672	0.28129	1.0	
0.38829	0.27828	0.0	
0.38367	0.27821	0.0	
0.37987	0.27980	0.0	
0.38795	0.27829	1.0	
0.38203	0.28494	0.0	
0.38107	0.28702	1.0	
# Depth = 6, x = 0.39062 - 0.40625, y = 0.27812 - 0.28750
0.39543	0.28431	0.0	
0.40135	0.28155	0.0	
0.40090	0.28458	0.0	
0.40139	0.28417	1.0	
0.40191	0.28172	1.0	
0.39387	0.28570	1.0	
0.39482	0.28037	0.0	
0.40361	0.28143	1.0	
0.40621	0.28133	1.0	
0.39979	0.28520	1.0	
0.39600	0.27931	0.0	
0.39411	0.28122	1.0	
# Depth = 6, x = 0.37500 - 0.39062, y = 0.26875 - 0.27812
0.38978	0.27235	0.0	
0.37741	0.27028	1.0	
0.38753	0.27645	0.0	
0.38830	0.27204	0.0	
0.38868	0.26986	1.0	
0.37942	0.26931	1.0	
0.38463	0.27316	1.0	
0.38369	0.26998	1.0	
0.38786	0.27510	1.0	
0.38539	0.27074	1.0	
0.37508	0.27357	0.0	
0.37773	0.27692	1.0	
# Depth = 6, x = 0.39062 - 0.40625, y = 0.26875 - 0.27812
0.40614	0.27125	1.0	
0.39606	0.27325	0.0	
0.39358	0.26938	1.0	
0.40602	0.27516	1.0	
0.40407	0.27487	1.0	
0.39354	0.26999	0.0	
0.40110	0.27318	1.0	
0.39533	0.27769	0.0	
0.40107	0.27257	1.0	
0.39341	0.27665	0.0	
0.39233	0.26959	1.0	
0.39882	0.27560	1.0	
# Depth = 6, x = 0.40625 - 0.42188, y = 0.27812 - 0.28750
0.41591	0.28601	0.0	
0.41713	0.28096	0.0	
0.41618	0.28541	0.0	
0.41240	0.28629	1.0	
0.41485	0.28722	0.0	
0.41647	0.27966	0.0	
0.41855	0.27877	0.0	
0.40731	0.28737	0.0	
0.41053	0.28309	0.0	
0.41719	0.28147	0.0	
0.41415	0.28283	0.0	
0.41718	0.28184	0.0	
# Depth = 6, x = 0.42188 - 0.43750, y = 0.27812 - 0.28750
0.42927	0.28555	0.0	
0.42202	0.28002	0.0	
0.42602	0.28039	0.0	
0.43362	0.28025	0.0	
0.42363	0.28184	0.0	
0.43546	0.28424	1.0	
0.42275	0.28078	0.0	
0.42682	0.28388	1.0	
0.43717	0.28372	0.0	
0.43333	0.28060	1.0	
0.43461	0.28670	0.0	
0.43654	0.27816	0.0	
# Depth = 6, x = 0.40625 - 0.42188, y = 0.26875 - 0.27812
0.40742	0.27790	1.0	
0.41388	0.27453	0.0	
0.40718	0.27160	1.0	
0.40729	0.27004	0.0	
0.40946	0.27759	0.0	
0.41372	0.27415	0.0	
0.42027	0.27059	0.0	
0.41511	0.27301	1.0	
0.41617	0.27065	1.0	
0.42181	0.27031	0.0	
0.42184	0.27322	0.0	
0.40671	0.26890	1.0	
# Depth = 6, x = 0.42188 - 0.43750, y = 0.26875 - 0.27812
0.42436	0.27802	0.0	
0.42316	0.27263	1.0	
0.43090	0.27149	0.0	
0.43104	0.27254	0.0	
0.43552	0.27100	0.0	
0.42240	0.27602	1.0	
0.42651	0.27130	1.0	
0.42194	0.27710	0.0	
0.42876	0.27419	0.0	
0.42312	0.26882	1.0	
0.43559	0.27485	0.0	
0.43530	0.27022	0.0	
# Depth = 6, x = 0.37500 - 0.39062, y = 0.25938 - 0.26875
0.38083	0.26430	1.0	
0.38213	0.26744	1.0	
0.38837	0.26667	1.0	
0.38787	0.26844	1.0	
0.39002	0.26163	1.0	
0.38941	0.26153	1.0	
0.38139	0.26190	1.0	
0.38176	0.26283	1.0	
0.38121	0.26863	1.0	
0.37530	0.26167	1.0	
0.38610	0.26792	0.0	
0.38470	0.26704	1.0	
# Depth = 6, x = 0.39062 - 0.40625, y = 0.25938 - 0.26875
0.40621	0.26580	1.0	
0.39279	0.26439	1.0	
0.39979	0.26493	1.0	
0.39981	0.26864	1.0	
0.39522	0.26197	1.0	
0.39212	0.26058	1.0	
0.39649	0.26194	1.0	
0.39521	0.26114	1.0	
0.39528	0.26069	1.0	
0.40591	0.26276	1.0	
0.40504	0.26599	1.0	
0.39130	0.26350	1.0	
# Depth = 6, x = 0.37500 - 0.39062, y = 0.25000 - 0.25938
0.38926	0.25304	1.0	
0.37991	0.25370	1.0	
0.37887	0.25111	1.0	
0.38347	0.25075	1.0	
0.38473	0.25858	1.0	
0.37621	0.25171	1.0	
0.37817	0.25724	1.0	
0.37715	0.25804	1.0	
0.38218	0.25338	1.0	
0.38658	0.25572	1.0	
0.37803	0.25680	1.0	
0.37811	0.25869	1.0	
# Depth = 6, x = 0.39062 - 0.40625, y = 0.25000 - 0.25938
0.40122	0.25586	1.0	
0.40375	0.25858	1.0	
0.39708	0.25483	1.0	
0.40403	0.25285	1.0	
0.39660	0.25562	1.0	
0.40485	0.25225	1.0	
0.39571	0.25071	1.0	
0.40538	0.25233	1.0	
0.40311	0.25471	1.0	
0.40149	0.25624	1.0	
0.39415	0.25690	1.0	
0.40314	0.25018	1.0	
# Depth = 6, x = 0.40625 - 0.42188, y = 0.25938 - 0.26875
0.40683	0.26086	1.0	
0.40857	0.26076	1.0	
0.42153	0.26701	0.0	
0.41887	0.26169	1.0	
0.41120	0.26031	1.0	
0.42029	0.26733	0.0	
0.41538	0.25962	0.0	
0.41003	0.26003	1.0	
0.42163	0.26481	1.0	
0.41296	0.26287	1.0	
0.42116	0.26630	1.0	
0.41838	0.26021	1.0	
# Depth = 6, x = 0.42188 - 0.43750, y = 0.25938 - 0.26875
0.43027	0.26627	0.0	
0.43045	0.25967	1.0	
0.42444	0.26587	1.0	
0.42780	0.26079	0.0	
0.42984	0.26125	0.0	
0.43597	0.26542	1.0	
0.42656	0.26575	1.0	
0.42529	0.26298	0.0	
0.42666	0.26687	0.0	
0.42675	0.26189	0.0	
0.43716	0.26840	1.0	
0.43683	0.26418	1.0	
# Depth = 6, x = 0.40625 - 0.42188, y = 0.25000 - 0.25938
0.40907	0.25697	1.0	
0.40976	0.25813	1.0	
0.41929	0.25840	1.0	
0.40873	0.25038	1.0	
0.41291	0.25794	1.0	
0.41075	0.25238	1.0	
0.41542	0.25869	0.0	
0.41455	0.25544	1.0	
0.41864	0.25772	1.0	
0.40643	0.25000	1.0	
0.41244	0.25139	1.0	
0.40663	0.25096	1.0	
# Depth = 6, x = 0.42188 - 0.43750, y = 0.25000 - 0.25938
0.43071	0.25409	1.0	
0.43146	0.25862	1.0	
0.42554	0.25020	0.0	
0.43359	0.25920	1.0	
0.42717	0.25295	1.0	
0.42234	0.25258	1.0	
0.43141	0.25728	0.0	
0.43136	0.25608	1.0	
0.42216	0.25155	1.0	
0.43082	0.25451	1.0	
0.42568	0.25258	0.0	
0.43006	0.25497	0.0	
# Depth = 6, x = 0.43750 - 0.45312, y = 0.27812 - 0.28750
0.44871	0.27853	0.0	
0.44648	0.28405	0.0	
0.43939	0.28422	0.0	
0.44323	0.27953	0.0	
0.44481	0.28533	1.0	
0.44539	0.28433	0.0	
0.45081	0.28724	0.0	
0.44074	0.28642	0.0	
0.45182	0.27839	0.0	
0.44421	0.27980	1.0	
0.43856	0.28219	0.0	
0.45287	0.28071	1.0	
# Depth = 6, x = 0.45312 - 0.46875, y = 0.27812 - 0.28750
0.46702	0.28704	0.0	
0.46283	0.28664	0.0	
0.46508	0.27930	0.0	
0.45668	0.28237	0.0	
0.46628	0.28481	0.0	
0.46436	0.28074	0.0	
0.46502	0.28095	0.0	
0.46757	0.28720	0.0	
0.46771	0.28322	0.0	
0.46244	0.27997	0.0	
0.46370	0.28240	0.0	
0.46674	0.28469	1.0	
# Depth = 6, x = 0.43750 - 0.45312, y = 0.26875 - 0.27812
0.44120	0.26989	1.0	
0.44080	0.27620	0.0	
0.44158	0.27273	1.0	
0.44336	0.27069	1.0	
0.44239	0.27745	0.0	
0.43967	0.27666	1.0	
0.44433	0.27396	0.0	
0.44006	0.27145	0.0	
0.45153	0.27627	0.0	
0.44709	0.27373	0.0	
0.43786	0.27049	1.0	
0.44307	0.27031	1.0	
# Depth = 6, x = 0.45312 - 0.46875, y = 0.26875 - 0.27812
0.45500	0.27049	1.0	
0.46152	0.27658	0.0	
0.46775	0.27480	0.0	
0.45802	0.27259	0.0	
0.46440	0.27263	0.0	
0.46366	0.27551	0.0	
0.46526	0.27745	0.0	
0.46568	0.27202	0.0	
0.46180	0.27171	0.0	
0.45879	0.27766	0.0	
0.45610	0.27287	0.0	
0.45365	0.27279	0.0	
# Depth = 5, x = 0.46875 - 0.50000, y = 0.26875 - 0.28750
0.47493	0.28743	0.0	
0.48528	0.27199	0.0	
0.49522	0.28124	0.0	
0.47771	0.27609	0.0	
0.48581	0.27181	0.0	
0.48731	0.27173	0.0	
0.48771	0.28232	0.0	
0.47375	0.28366	0.0	
0.47306	0.28495	0.0	
0.48446	0.28403	0.0	
0.47242	0.28382	0.0	
0.48223	0.27924	0.0	
# Depth = 6, x = 0.43750 - 0.45312, y = 0.25938 - 0.26875
0.44860	0.26062	0.0	
0.44335	0.26686	1.0	
0.44989	0.26820	0.0	
0.44187	0.26321	1.0	
0.44066	0.26811	0.0	
0.44673	0.26336	0.0	
0.44402	0.26744	0.0	
0.44567	0.26542	0.0	
0.44886	0.26740	1.0	
0.44177	0.26781	0.0	
0.44773	0.26599	1.0	
0.43938	0.26385	0.0	
# Depth = 6, x = 0.45312 - 0.46875, y = 0.25938 - 0.26875
0.45992	0.26821	0.0	
0.45900	0.26498	1.0	
0.46618	0.26516	0.0	
0.45473	0.26874	0.0	
0.45558	0.25951	1.0	
0.45543	0.26621	0.0	
0.46401	0.26386	1.0	
0.45939	0.26857	0.0	
0.46197	0.26604	1.0	
0.46630	0.26314	1.0	
0.45679	0.26048	0.0	
0.46017	0.26303	0.0	
# Depth = 6, x = 0.43750 - 0.45312, y = 0.25000 - 0.25938
0.44503	0.25049	1.0	
0.44376	0.25907	0.0	
0.44020	0.25667	1.0	
0.44552	0.25563	1.0	
0.44461	0.25459	0.0	
0.44904	0.25427	0.0	
0.44854	0.25398	1.0	
0.44545	0.25409	1.0	
0.44559	0.25839	0.0	
0.44593	0.25042	1.0	
0.43833	0.25788	0.0	
0.44062	0.25502	0.0	
# Depth = 6, x = 0.45312 - 0.46875, y = 0.25000 - 0.25938
0.45987	0.25281	0.0	
0.46531	0.25206	0.0	
0.46405	0.25228	0.0	
0.46200	0.25108	0.0	
0.46517	0.25524	0.0	
0.45868	0.25241	1.0	
0.46651	0.25822	1.0	
0.46845	0.25472	0.0	
0.46119	0.25017	0.0	
0.45869	0.25663	0.0	
0.46689	0.25345	0.0	
0.46610	0.25293	0.0	
# Depth = 6, x = 0.46875 - 0.48438, y = 0.25938 - 0.26875
0.48343	0.26739	0.0	
0.48218	0.25997	0.0	
0.47815	0.26140	0.0	
0.47175	0.26255	0.0	
0.47569	0.26078	0.0	
0.48221	0.26388	1.0	
0.47197	0.26811	0.0	
0.48236	0.26821	0.0	
0.47946	0.26387	1.0	
0.47729	0.26484	0.0	
0.47965	0.26773	0.0	
0.47978	0.26136	0.0	
# Depth = 6, x = 0.48438 - 0.50000, y = 0.25938 - 0.26875
0.48661	0.26658	0.0	
0.49377	0.26494	0.0	
0.48953	0.26257	0.0	
0.49756	0.26648	1.0	
0.48563	0.26477	0.0	
0.49941	0.26723	0.0	
0.49831	0.26527	0.0	
0.49496	0.26870	0.0	
0.49824	0.26615	0.0	
0.49090	0.26262	0.0	
0.49150	0.26379	1.0	
0.49591	0.26524	0.0	
# Depth = 6, x = 0.46875 - 0.48438, y = 0.25000 - 0.25938
0.47725	0.25793	0.0	
0.47319	0.25739	1.0	
0.48366	0.25197	0.0	
0.47545	0.25897	0.0	
0.48140	0.25860	1.0	
0.48002	0.25015	0.0	
0.47826	0.25408	0.0	
0.47701	0.25581	0.0	
0.47016	0.25202	1.0	
0.47816	0.25909	1.0	
0.47653	0.25635	0.0	
0.48048	0.25366	0.0	
# Depth = 6, x = 0.48438 - 0.50000, y = 0.25000 - 0.25938
0.48713	0.25877	0.0	
0.49785	0.25274	0.0	
0.48903	0.25798	0.0	
0.49635	0.25381	0.0	
0.49486	0.25170	0.0	
0.48588	0.25401	1.0	
0.48673	0.25762	1.0	
0.49207	0.25866	0.0	
0.49036	0.25901	0.0	
0.49336	0.25937	0.0	
0.48983	0.25614	1.0	
0.49328	0.25148	0.0	
