# Depth 	 x_min 	 x_max 	 y_min 	 y_max 	 node value
3	7.00000	7.75000	0.37500	0.50000	50.000	
4	7.75000	8.12500	0.43750	0.50000	50.000	
4	8.12500	8.50000	0.43750	0.50000	50.000	
4	7.75000	8.12500	0.37500	0.43750	50.000	
5	8.12500	8.31250	0.40625	0.43750	50.000	
5	8.31250	8.50000	0.40625	0.43750	50.000	
7	8.12500	8.17188	0.39844	0.40625	50.000	
7	8.17188	8.21875	0.39844	0.40625	50.000	
7	8.12500	8.17188	0.39062	0.39844	50.000	
7	8.17188	8.21875	0.39062	0.39844	50.000	
7	8.21875	8.26562	0.39844	0.40625	50.000	
7	8.26562	8.31250	0.39844	0.40625	50.000	
7	8.21875	8.26562	0.39062	0.39844	50.000	
7	8.26562	8.31250	0.39062	0.39844	17.549	
7	8.12500	8.17188	0.38281	0.39062	50.000	
7	8.17188	8.21875	0.38281	0.39062	4.176	
7	8.12500	8.17188	0.37500	0.38281	50.000	
7	8.17188	8.21875	0.37500	0.38281	50.000	
7	8.21875	8.26562	0.38281	0.39062	50.000	
7	8.26562	8.31250	0.38281	0.39062	50.000	
7	8.21875	8.26562	0.37500	0.38281	28.955	
7	8.26562	8.31250	0.37500	0.38281	7.181	
7	8.31250	8.35938	0.39844	0.40625	50.000	
7	8.35938	8.40625	0.39844	0.40625	50.000	
7	8.31250	8.35938	0.39062	0.39844	50.000	
7	8.35938	8.40625	0.39062	0.39844	50.000	
6	8.40625	8.50000	0.39062	0.40625	50.000	
7	8.31250	8.35938	0.38281	0.39062	50.000	
7	8.35938	8.40625	0.38281	0.39062	6.720	
7	8.31250	8.35938	0.37500	0.38281	50.000	
7	8.35938	8.40625	0.37500	0.38281	50.000	
7	8.40625	8.45312	0.38281	0.39062	50.000	
7	8.45312	8.50000	0.38281	0.39062	50.000	
7	8.40625	8.45312	0.37500	0.38281	50.000	
7	8.45312	8.50000	0.37500	0.38281	50.000	
3	7.00000	7.75000	0.25000	0.37500	50.000	
5	7.75000	7.93750	0.34375	0.37500	50.000	
6	7.93750	8.03125	0.35938	0.37500	50.000	
6	8.03125	8.12500	0.35938	0.37500	50.000	
6	7.93750	8.03125	0.34375	0.35938	50.000	
6	8.03125	8.12500	0.34375	0.35938	50.000	
5	7.75000	7.93750	0.31250	0.34375	50.000	
6	7.93750	8.03125	0.32812	0.34375	50.000	
7	8.03125	8.07812	0.33594	0.34375	50.000	
7	8.07812	8.12500	0.33594	0.34375	50.000	
7	8.03125	8.07812	0.32812	0.33594	50.000	
7	8.07812	8.12500	0.32812	0.33594	50.000	
7	7.93750	7.98438	0.32031	0.32812	50.000	
7	7.98438	8.03125	0.32031	0.32812	50.000	
7	7.93750	7.98438	0.31250	0.32031	50.000	
7	7.98438	8.03125	0.31250	0.32031	50.000	
7	8.03125	8.07812	0.32031	0.32812	242.034	
7	8.07812	8.12500	0.32031	0.32812	50.000	
7	8.03125	8.07812	0.31250	0.32031	50.000	
7	8.07812	8.12500	0.31250	0.32031	22.158	
7	8.12500	8.17188	0.36719	0.37500	50.000	
7	8.17188	8.21875	0.36719	0.37500	50.000	
7	8.12500	8.17188	0.35938	0.36719	27.601	
7	8.17188	8.21875	0.35938	0.36719	50.000	
7	8.21875	8.26562	0.36719	0.37500	5.051	
7	8.26562	8.31250	0.36719	0.37500	8.677	
7	8.21875	8.26562	0.35938	0.36719	4.018	
7	8.26562	8.31250	0.35938	0.36719	2.831	
7	8.12500	8.17188	0.35156	0.35938	50.000	
7	8.17188	8.21875	0.35156	0.35938	2.140	
7	8.12500	8.17188	0.34375	0.35156	50.000	
7	8.17188	8.21875	0.34375	0.35156	50.000	
7	8.21875	8.26562	0.35156	0.35938	2.767	
7	8.26562	8.31250	0.35156	0.35938	50.000	
7	8.21875	8.26562	0.34375	0.35156	5.808	
7	8.26562	8.31250	0.34375	0.35156	2.746	
7	8.31250	8.35938	0.36719	0.37500	7.264	
7	8.35938	8.40625	0.36719	0.37500	26.856	
7	8.31250	8.35938	0.35938	0.36719	2.584	
7	8.35938	8.40625	0.35938	0.36719	50.000	
7	8.40625	8.45312	0.36719	0.37500	50.000	
7	8.45312	8.50000	0.36719	0.37500	50.000	
7	8.40625	8.45312	0.35938	0.36719	50.000	
7	8.45312	8.50000	0.35938	0.36719	50.000	
7	8.31250	8.35938	0.35156	0.35938	10.936	
7	8.35938	8.40625	0.35156	0.35938	50.000	
7	8.31250	8.35938	0.34375	0.35156	1.950	
7	8.35938	8.40625	0.34375	0.35156	21.613	
7	8.40625	8.45312	0.35156	0.35938	17.326	
7	8.45312	8.50000	0.35156	0.35938	50.000	
7	8.40625	8.45312	0.34375	0.35156	50.000	
7	8.45312	8.50000	0.34375	0.35156	50.000	
7	8.12500	8.17188	0.33594	0.34375	50.000	
7	8.17188	8.21875	0.33594	0.34375	50.000	
7	8.12500	8.17188	0.32812	0.33594	50.000	
7	8.17188	8.21875	0.32812	0.33594	50.000	
7	8.21875	8.26562	0.33594	0.34375	8.328	
7	8.26562	8.31250	0.33594	0.34375	5.611	
7	8.21875	8.26562	0.32812	0.33594	5.163	
7	8.26562	8.31250	0.32812	0.33594	2.005	
7	8.12500	8.17188	0.32031	0.32812	6.287	
7	8.17188	8.21875	0.32031	0.32812	7.511	
7	8.12500	8.17188	0.31250	0.32031	13.417	
7	8.17188	8.21875	0.31250	0.32031	3.689	
7	8.21875	8.26562	0.32031	0.32812	1.944	
7	8.26562	8.31250	0.32031	0.32812	3.984	
7	8.21875	8.26562	0.31250	0.32031	2.248	
7	8.26562	8.31250	0.31250	0.32031	1.925	
7	8.31250	8.35938	0.33594	0.34375	3.181	
7	8.35938	8.40625	0.33594	0.34375	50.000	
7	8.31250	8.35938	0.32812	0.33594	2.013	
7	8.35938	8.40625	0.32812	0.33594	3.354	
7	8.40625	8.45312	0.33594	0.34375	50.000	
7	8.45312	8.50000	0.33594	0.34375	50.000	
7	8.40625	8.45312	0.32812	0.33594	50.000	
7	8.45312	8.50000	0.32812	0.33594	50.000	
7	8.31250	8.35938	0.32031	0.32812	2.173	
7	8.35938	8.40625	0.32031	0.32812	20.517	
7	8.31250	8.35938	0.31250	0.32031	2.175	
7	8.35938	8.40625	0.31250	0.32031	8.128	
7	8.40625	8.45312	0.32031	0.32812	50.000	
7	8.45312	8.50000	0.32031	0.32812	84.913	
7	8.40625	8.45312	0.31250	0.32031	12.236	
7	8.45312	8.50000	0.31250	0.32031	50.000	
5	7.75000	7.93750	0.28125	0.31250	50.000	
7	7.93750	7.98438	0.30469	0.31250	50.000	
7	7.98438	8.03125	0.30469	0.31250	50.000	
7	7.93750	7.98438	0.29688	0.30469	50.000	
7	7.98438	8.03125	0.29688	0.30469	50.000	
7	8.03125	8.07812	0.30469	0.31250	146.283	
7	8.07812	8.12500	0.30469	0.31250	50.000	
7	8.03125	8.07812	0.29688	0.30469	50.000	
7	8.07812	8.12500	0.29688	0.30469	50.000	
7	7.93750	7.98438	0.28906	0.29688	50.000	
7	7.98438	8.03125	0.28906	0.29688	50.000	
7	7.93750	7.98438	0.28125	0.28906	50.000	
7	7.98438	8.03125	0.28125	0.28906	18.195	
7	8.03125	8.07812	0.28906	0.29688	50.000	
7	8.07812	8.12500	0.28906	0.29688	50.000	
7	8.03125	8.07812	0.28125	0.28906	50.000	
7	8.07812	8.12500	0.28125	0.28906	10.353	
6	7.75000	7.84375	0.26562	0.28125	50.000	
7	7.84375	7.89062	0.27344	0.28125	50.000	
7	7.89062	7.93750	0.27344	0.28125	50.000	
7	7.84375	7.89062	0.26562	0.27344	50.000	
7	7.89062	7.93750	0.26562	0.27344	50.000	
7	7.75000	7.79688	0.25781	0.26562	50.000	
7	7.79688	7.84375	0.25781	0.26562	50.000	
7	7.75000	7.79688	0.25000	0.25781	50.000	
7	7.79688	7.84375	0.25000	0.25781	50.000	
7	7.84375	7.89062	0.25781	0.26562	50.000	
7	7.89062	7.93750	0.25781	0.26562	50.000	
7	7.84375	7.89062	0.25000	0.25781	50.000	
7	7.89062	7.93750	0.25000	0.25781	56.641	
7	7.93750	7.98438	0.27344	0.28125	50.000	
7	7.98438	8.03125	0.27344	0.28125	50.000	
7	7.93750	7.98438	0.26562	0.27344	51.733	
7	7.98438	8.03125	0.26562	0.27344	50.000	
7	8.03125	8.07812	0.27344	0.28125	50.000	
7	8.07812	8.12500	0.27344	0.28125	50.000	
7	8.03125	8.07812	0.26562	0.27344	12.730	
7	8.07812	8.12500	0.26562	0.27344	11.001	
7	7.93750	7.98438	0.25781	0.26562	82.065	
7	7.98438	8.03125	0.25781	0.26562	50.000	
7	7.93750	7.98438	0.25000	0.25781	81.549	
7	7.98438	8.03125	0.25000	0.25781	73.730	
7	8.03125	8.07812	0.25781	0.26562	76.623	
7	8.07812	8.12500	0.25781	0.26562	13.020	
7	8.03125	8.07812	0.25000	0.25781	4.467	
7	8.07812	8.12500	0.25000	0.25781	24.223	
7	8.12500	8.17188	0.30469	0.31250	50.000	
7	8.17188	8.21875	0.30469	0.31250	12.204	
7	8.12500	8.17188	0.29688	0.30469	50.000	
7	8.17188	8.21875	0.29688	0.30469	1.904	
7	8.21875	8.26562	0.30469	0.31250	1.910	
7	8.26562	8.31250	0.30469	0.31250	5.202	
7	8.21875	8.26562	0.29688	0.30469	2.149	
7	8.26562	8.31250	0.29688	0.30469	1.999	
7	8.12500	8.17188	0.28906	0.29688	50.000	
7	8.17188	8.21875	0.28906	0.29688	1.933	
7	8.12500	8.17188	0.28125	0.28906	8.670	
7	8.17188	8.21875	0.28125	0.28906	2.574	
7	8.21875	8.26562	0.28906	0.29688	1.969	
7	8.26562	8.31250	0.28906	0.29688	3.780	
7	8.21875	8.26562	0.28125	0.28906	6.171	
7	8.26562	8.31250	0.28125	0.28906	2.001	
7	8.31250	8.35938	0.30469	0.31250	2.283	
7	8.35938	8.40625	0.30469	0.31250	11.894	
7	8.31250	8.35938	0.29688	0.30469	1.980	
7	8.35938	8.40625	0.29688	0.30469	2.062	
7	8.40625	8.45312	0.30469	0.31250	10.089	
7	8.45312	8.50000	0.30469	0.31250	50.000	
7	8.40625	8.45312	0.29688	0.30469	42.420	
7	8.45312	8.50000	0.29688	0.30469	5.595	
7	8.31250	8.35938	0.28906	0.29688	2.017	
7	8.35938	8.40625	0.28906	0.29688	4.244	
7	8.31250	8.35938	0.28125	0.28906	3.019	
7	8.35938	8.40625	0.28125	0.28906	4.250	
7	8.40625	8.45312	0.28906	0.29688	6.898	
7	8.45312	8.50000	0.28906	0.29688	11.269	
7	8.40625	8.45312	0.28125	0.28906	2.027	
7	8.45312	8.50000	0.28125	0.28906	6.023	
7	8.12500	8.17188	0.27344	0.28125	10.009	
7	8.17188	8.21875	0.27344	0.28125	2.253	
7	8.12500	8.17188	0.26562	0.27344	4.318	
7	8.17188	8.21875	0.26562	0.27344	1.808	
7	8.21875	8.26562	0.27344	0.28125	2.027	
7	8.26562	8.31250	0.27344	0.28125	2.029	
7	8.21875	8.26562	0.26562	0.27344	1.976	
7	8.26562	8.31250	0.26562	0.27344	1.982	
7	8.12500	8.17188	0.25781	0.26562	3.877	
7	8.17188	8.21875	0.25781	0.26562	1.635	
7	8.12500	8.17188	0.25000	0.25781	1.991	
7	8.17188	8.21875	0.25000	0.25781	2.288	
7	8.21875	8.26562	0.25781	0.26562	1.767	
7	8.26562	8.31250	0.25781	0.26562	2.556	
7	8.21875	8.26562	0.25000	0.25781	4.063	
7	8.26562	8.31250	0.25000	0.25781	1.897	
7	8.31250	8.35938	0.27344	0.28125	1.954	
7	8.35938	8.40625	0.27344	0.28125	2.373	
7	8.31250	8.35938	0.26562	0.27344	3.227	
7	8.35938	8.40625	0.26562	0.27344	2.560	
7	8.40625	8.45312	0.27344	0.28125	2.000	
7	8.45312	8.50000	0.27344	0.28125	2.899	
7	8.40625	8.45312	0.26562	0.27344	2.015	
7	8.45312	8.50000	0.26562	0.27344	1.840	
7	8.31250	8.35938	0.25781	0.26562	3.185	
7	8.35938	8.40625	0.25781	0.26562	2.328	
7	8.31250	8.35938	0.25000	0.25781	1.920	
7	8.35938	8.40625	0.25000	0.25781	2.027	
6	8.40625	8.50000	0.25000	0.26562	1.963	
3	8.50000	9.25000	0.37500	0.50000	50.000	
4	9.25000	9.62500	0.43750	0.50000	50.000	
5	9.62500	9.81250	0.46875	0.50000	50.000	
5	9.81250	10.00000	0.46875	0.50000	50.000	
5	9.62500	9.81250	0.43750	0.46875	50.000	
5	9.81250	10.00000	0.43750	0.46875	50.000	
5	9.25000	9.43750	0.40625	0.43750	50.000	
5	9.43750	9.62500	0.40625	0.43750	50.000	
6	9.25000	9.34375	0.39062	0.40625	50.000	
7	9.34375	9.39062	0.39844	0.40625	50.000	
7	9.39062	9.43750	0.39844	0.40625	50.000	
7	9.34375	9.39062	0.39062	0.39844	50.000	
7	9.39062	9.43750	0.39062	0.39844	50.000	
7	9.25000	9.29688	0.38281	0.39062	50.000	
7	9.29688	9.34375	0.38281	0.39062	50.000	
7	9.25000	9.29688	0.37500	0.38281	50.000	
7	9.29688	9.34375	0.37500	0.38281	50.000	
7	9.34375	9.39062	0.38281	0.39062	88.516	
7	9.39062	9.43750	0.38281	0.39062	46.556	
7	9.34375	9.39062	0.37500	0.38281	50.000	
7	9.39062	9.43750	0.37500	0.38281	62.099	
7	9.43750	9.48438	0.39844	0.40625	50.000	
7	9.48438	9.53125	0.39844	0.40625	50.000	
7	9.43750	9.48438	0.39062	0.39844	50.000	
7	9.48438	9.53125	0.39062	0.39844	50.000	
7	9.53125	9.57812	0.39844	0.40625	54.226	
7	9.57812	9.62500	0.39844	0.40625	50.000	
7	9.53125	9.57812	0.39062	0.39844	87.667	
7	9.57812	9.62500	0.39062	0.39844	50.000	
7	9.43750	9.48438	0.38281	0.39062	50.000	
7	9.48438	9.53125	0.38281	0.39062	62.728	
7	9.43750	9.48438	0.37500	0.38281	50.000	
7	9.48438	9.53125	0.37500	0.38281	50.000	
7	9.53125	9.57812	0.38281	0.39062	82.782	
7	9.57812	9.62500	0.38281	0.39062	65.678	
7	9.53125	9.57812	0.37500	0.38281	50.000	
7	9.57812	9.62500	0.37500	0.38281	52.727	
6	9.62500	9.71875	0.42188	0.43750	50.000	
6	9.71875	9.81250	0.42188	0.43750	50.000	
6	9.62500	9.71875	0.40625	0.42188	50.000	
7	9.71875	9.76562	0.41406	0.42188	50.000	
7	9.76562	9.81250	0.41406	0.42188	50.000	
7	9.71875	9.76562	0.40625	0.41406	50.000	
7	9.76562	9.81250	0.40625	0.41406	50.000	
6	9.81250	9.90625	0.42188	0.43750	50.000	
7	9.90625	9.95312	0.42969	0.43750	50.000	
7	9.95312	10.00000	0.42969	0.43750	50.000	
7	9.90625	9.95312	0.42188	0.42969	50.000	
7	9.95312	10.00000	0.42188	0.42969	50.000	
7	9.81250	9.85938	0.41406	0.42188	50.000	
7	9.85938	9.90625	0.41406	0.42188	50.000	
7	9.81250	9.85938	0.40625	0.41406	50.000	
7	9.85938	9.90625	0.40625	0.41406	50.000	
7	9.90625	9.95312	0.41406	0.42188	50.000	
7	9.95312	10.00000	0.41406	0.42188	89.624	
7	9.90625	9.95312	0.40625	0.41406	69.215	
7	9.95312	10.00000	0.40625	0.41406	48.006	
7	9.62500	9.67188	0.39844	0.40625	50.000	
7	9.67188	9.71875	0.39844	0.40625	50.000	
7	9.62500	9.67188	0.39062	0.39844	50.000	
7	9.67188	9.71875	0.39062	0.39844	65.406	
7	9.71875	9.76562	0.39844	0.40625	50.000	
7	9.76562	9.81250	0.39844	0.40625	63.888	
7	9.71875	9.76562	0.39062	0.39844	37.435	
7	9.76562	9.81250	0.39062	0.39844	50.000	
7	9.62500	9.67188	0.38281	0.39062	46.197	
7	9.67188	9.71875	0.38281	0.39062	50.000	
7	9.62500	9.67188	0.37500	0.38281	50.000	
7	9.67188	9.71875	0.37500	0.38281	50.000	
7	9.71875	9.76562	0.38281	0.39062	52.893	
7	9.76562	9.81250	0.38281	0.39062	50.000	
7	9.71875	9.76562	0.37500	0.38281	55.625	
7	9.76562	9.81250	0.37500	0.38281	50.000	
7	9.81250	9.85938	0.39844	0.40625	50.000	
7	9.85938	9.90625	0.39844	0.40625	50.000	
7	9.81250	9.85938	0.39062	0.39844	50.000	
7	9.85938	9.90625	0.39062	0.39844	56.442	
7	9.90625	9.95312	0.39844	0.40625	53.826	
7	9.95312	10.00000	0.39844	0.40625	59.493	
7	9.90625	9.95312	0.39062	0.39844	50.000	
7	9.95312	10.00000	0.39062	0.39844	50.000	
7	9.81250	9.85938	0.38281	0.39062	52.124	
7	9.85938	9.90625	0.38281	0.39062	39.654	
7	9.81250	9.85938	0.37500	0.38281	62.509	
7	9.85938	9.90625	0.37500	0.38281	55.465	
7	9.90625	9.95312	0.38281	0.39062	62.939	
7	9.95312	10.00000	0.38281	0.39062	27.109	
7	9.90625	9.95312	0.37500	0.38281	48.492	
7	9.95312	10.00000	0.37500	0.38281	26.860	
5	8.50000	8.68750	0.34375	0.37500	50.000	
6	8.68750	8.78125	0.35938	0.37500	50.000	
7	8.78125	8.82812	0.36719	0.37500	50.000	
7	8.82812	8.87500	0.36719	0.37500	50.000	
7	8.78125	8.82812	0.35938	0.36719	50.000	
7	8.82812	8.87500	0.35938	0.36719	50.000	
7	8.68750	8.73438	0.35156	0.35938	50.000	
7	8.73438	8.78125	0.35156	0.35938	50.000	
7	8.68750	8.73438	0.34375	0.35156	50.000	
7	8.73438	8.78125	0.34375	0.35156	67.137	
7	8.78125	8.82812	0.35156	0.35938	50.000	
7	8.82812	8.87500	0.35156	0.35938	73.377	
7	8.78125	8.82812	0.34375	0.35156	50.000	
7	8.82812	8.87500	0.34375	0.35156	75.294	
7	8.50000	8.54688	0.33594	0.34375	50.000	
7	8.54688	8.59375	0.33594	0.34375	50.000	
7	8.50000	8.54688	0.32812	0.33594	50.000	
7	8.54688	8.59375	0.32812	0.33594	92.386	
7	8.59375	8.64062	0.33594	0.34375	50.000	
7	8.64062	8.68750	0.33594	0.34375	50.000	
7	8.59375	8.64062	0.32812	0.33594	50.000	
7	8.64062	8.68750	0.32812	0.33594	50.000	
7	8.50000	8.54688	0.32031	0.32812	18.128	
7	8.54688	8.59375	0.32031	0.32812	72.589	
7	8.50000	8.54688	0.31250	0.32031	50.000	
7	8.54688	8.59375	0.31250	0.32031	41.914	
7	8.59375	8.64062	0.32031	0.32812	56.442	
7	8.64062	8.68750	0.32031	0.32812	50.000	
7	8.59375	8.64062	0.31250	0.32031	69.227	
7	8.64062	8.68750	0.31250	0.32031	63.309	
7	8.68750	8.73438	0.33594	0.34375	50.000	
7	8.73438	8.78125	0.33594	0.34375	50.000	
7	8.68750	8.73438	0.32812	0.33594	39.212	
7	8.73438	8.78125	0.32812	0.33594	79.085	
7	8.78125	8.82812	0.33594	0.34375	54.586	
7	8.82812	8.87500	0.33594	0.34375	52.236	
7	8.78125	8.82812	0.32812	0.33594	50.000	
7	8.82812	8.87500	0.32812	0.33594	73.425	
7	8.68750	8.73438	0.32031	0.32812	65.409	
7	8.73438	8.78125	0.32031	0.32812	50.000	
7	8.68750	8.73438	0.31250	0.32031	80.034	
7	8.73438	8.78125	0.31250	0.32031	50.000	
7	8.78125	8.82812	0.32031	0.32812	62.657	
7	8.82812	8.87500	0.32031	0.32812	58.404	
7	8.78125	8.82812	0.31250	0.32031	41.672	
7	8.82812	8.87500	0.31250	0.32031	53.605	
7	8.87500	8.92188	0.36719	0.37500	50.000	
7	8.92188	8.96875	0.36719	0.37500	50.000	
7	8.87500	8.92188	0.35938	0.36719	50.000	
7	8.92188	8.96875	0.35938	0.36719	50.000	
7	8.96875	9.01562	0.36719	0.37500	50.000	
7	9.01562	9.06250	0.36719	0.37500	50.000	
7	8.96875	9.01562	0.35938	0.36719	50.000	
7	9.01562	9.06250	0.35938	0.36719	50.000	
7	8.87500	8.92188	0.35156	0.35938	51.552	
7	8.92188	8.96875	0.35156	0.35938	50.000	
7	8.87500	8.92188	0.34375	0.35156	119.547	
7	8.92188	8.96875	0.34375	0.35156	76.626	
7	8.96875	9.01562	0.35156	0.35938	72.368	
7	9.01562	9.06250	0.35156	0.35938	50.000	
7	8.96875	9.01562	0.34375	0.35156	50.000	
7	9.01562	9.06250	0.34375	0.35156	50.180	
7	9.06250	9.10938	0.36719	0.37500	50.000	
7	9.10938	9.15625	0.36719	0.37500	50.000	
7	9.06250	9.10938	0.35938	0.36719	50.000	
7	9.10938	9.15625	0.35938	0.36719	50.000	
7	9.15625	9.20312	0.36719	0.37500	50.000	
7	9.20312	9.25000	0.36719	0.37500	50.000	
7	9.15625	9.20312	0.35938	0.36719	50.000	
7	9.20312	9.25000	0.35938	0.36719	50.000	
7	9.06250	9.10938	0.35156	0.35938	50.000	
7	9.10938	9.15625	0.35156	0.35938	62.061	
7	9.06250	9.10938	0.34375	0.35156	48.552	
7	9.10938	9.15625	0.34375	0.35156	37.801	
7	9.15625	9.20312	0.35156	0.35938	67.659	
7	9.20312	9.25000	0.35156	0.35938	61.465	
7	9.15625	9.20312	0.34375	0.35156	73.977	
7	9.20312	9.25000	0.34375	0.35156	70.774	
7	8.87500	8.92188	0.33594	0.34375	72.150	
7	8.92188	8.96875	0.33594	0.34375	68.456	
7	8.87500	8.92188	0.32812	0.33594	65.388	
7	8.92188	8.96875	0.32812	0.33594	61.241	
7	8.96875	9.01562	0.33594	0.34375	68.251	
7	9.01562	9.06250	0.33594	0.34375	50.000	
7	8.96875	9.01562	0.32812	0.33594	50.000	
7	9.01562	9.06250	0.32812	0.33594	22.602	
7	8.87500	8.92188	0.32031	0.32812	58.249	
7	8.92188	8.96875	0.32031	0.32812	54.800	
7	8.87500	8.92188	0.31250	0.32031	64.643	
7	8.92188	8.96875	0.31250	0.32031	47.805	
7	8.96875	9.01562	0.32031	0.32812	43.218	
7	9.01562	9.06250	0.32031	0.32812	36.828	
7	8.96875	9.01562	0.31250	0.32031	59.245	
7	9.01562	9.06250	0.31250	0.32031	39.425	
7	9.06250	9.10938	0.33594	0.34375	38.209	
7	9.10938	9.15625	0.33594	0.34375	79.908	
7	9.06250	9.10938	0.32812	0.33594	50.000	
7	9.10938	9.15625	0.32812	0.33594	35.735	
7	9.15625	9.20312	0.33594	0.34375	50.000	
7	9.20312	9.25000	0.33594	0.34375	17.153	
7	9.15625	9.20312	0.32812	0.33594	49.226	
7	9.20312	9.25000	0.32812	0.33594	41.694	
7	9.06250	9.10938	0.32031	0.32812	37.903	
7	9.10938	9.15625	0.32031	0.32812	41.585	
7	9.06250	9.10938	0.31250	0.32031	31.472	
7	9.10938	9.15625	0.31250	0.32031	55.305	
7	9.15625	9.20312	0.32031	0.32812	48.389	
7	9.20312	9.25000	0.32031	0.32812	38.033	
7	9.15625	9.20312	0.31250	0.32031	36.016	
7	9.20312	9.25000	0.31250	0.32031	34.355	
7	8.50000	8.54688	0.30469	0.31250	37.922	
7	8.54688	8.59375	0.30469	0.31250	58.379	
7	8.50000	8.54688	0.29688	0.30469	46.147	
7	8.54688	8.59375	0.29688	0.30469	55.823	
7	8.59375	8.64062	0.30469	0.31250	50.000	
7	8.64062	8.68750	0.30469	0.31250	50.000	
7	8.59375	8.64062	0.29688	0.30469	52.423	
7	8.64062	8.68750	0.29688	0.30469	46.221	
7	8.50000	8.54688	0.28906	0.29688	66.721	
7	8.54688	8.59375	0.28906	0.29688	3.476	
7	8.50000	8.54688	0.28125	0.28906	4.990	
7	8.54688	8.59375	0.28125	0.28906	2.317	
7	8.59375	8.64062	0.28906	0.29688	50.000	
7	8.64062	8.68750	0.28906	0.29688	38.223	
7	8.59375	8.64062	0.28125	0.28906	17.013	
7	8.64062	8.68750	0.28125	0.28906	55.960	
7	8.68750	8.73438	0.30469	0.31250	23.326	
7	8.73438	8.78125	0.30469	0.31250	57.135	
7	8.68750	8.73438	0.29688	0.30469	41.632	
7	8.73438	8.78125	0.29688	0.30469	58.217	
7	8.78125	8.82812	0.30469	0.31250	51.330	
7	8.82812	8.87500	0.30469	0.31250	80.303	
7	8.78125	8.82812	0.29688	0.30469	65.632	
7	8.82812	8.87500	0.29688	0.30469	30.569	
7	8.68750	8.73438	0.28906	0.29688	54.034	
7	8.73438	8.78125	0.28906	0.29688	56.733	
7	8.68750	8.73438	0.28125	0.28906	51.508	
7	8.73438	8.78125	0.28125	0.28906	55.339	
7	8.78125	8.82812	0.28906	0.29688	59.076	
7	8.82812	8.87500	0.28906	0.29688	56.112	
7	8.78125	8.82812	0.28125	0.28906	13.025	
7	8.82812	8.87500	0.28125	0.28906	52.214	
7	8.50000	8.54688	0.27344	0.28125	5.853	
7	8.54688	8.59375	0.27344	0.28125	47.969	
7	8.50000	8.54688	0.26562	0.27344	2.053	
7	8.54688	8.59375	0.26562	0.27344	2.209	
7	8.59375	8.64062	0.27344	0.28125	4.081	
7	8.64062	8.68750	0.27344	0.28125	44.670	
7	8.59375	8.64062	0.26562	0.27344	5.233	
7	8.64062	8.68750	0.26562	0.27344	12.655	
7	8.50000	8.54688	0.25781	0.26562	2.003	
7	8.54688	8.59375	0.25781	0.26562	2.626	
7	8.50000	8.54688	0.25000	0.25781	2.083	
7	8.54688	8.59375	0.25000	0.25781	13.424	
7	8.59375	8.64062	0.25781	0.26562	16.684	
7	8.64062	8.68750	0.25781	0.26562	42.202	
7	8.59375	8.64062	0.25000	0.25781	7.843	
7	8.64062	8.68750	0.25000	0.25781	4.085	
7	8.68750	8.73438	0.27344	0.28125	19.089	
7	8.73438	8.78125	0.27344	0.28125	38.081	
7	8.68750	8.73438	0.26562	0.27344	28.514	
7	8.73438	8.78125	0.26562	0.27344	33.466	
7	8.78125	8.82812	0.27344	0.28125	11.531	
7	8.82812	8.87500	0.27344	0.28125	50.000	
7	8.78125	8.82812	0.26562	0.27344	14.927	
7	8.82812	8.87500	0.26562	0.27344	39.233	
7	8.68750	8.73438	0.25781	0.26562	50.000	
7	8.73438	8.78125	0.25781	0.26562	32.224	
7	8.68750	8.73438	0.25000	0.25781	47.927	
7	8.73438	8.78125	0.25000	0.25781	3.521	
7	8.78125	8.82812	0.25781	0.26562	31.285	
7	8.82812	8.87500	0.25781	0.26562	48.563	
7	8.78125	8.82812	0.25000	0.25781	34.889	
7	8.82812	8.87500	0.25000	0.25781	23.677	
7	8.87500	8.92188	0.30469	0.31250	51.478	
7	8.92188	8.96875	0.30469	0.31250	59.477	
7	8.87500	8.92188	0.29688	0.30469	55.197	
7	8.92188	8.96875	0.29688	0.30469	50.375	
7	8.96875	9.01562	0.30469	0.31250	53.367	
7	9.01562	9.06250	0.30469	0.31250	27.422	
7	8.96875	9.01562	0.29688	0.30469	32.834	
7	9.01562	9.06250	0.29688	0.30469	52.323	
7	8.87500	8.92188	0.28906	0.29688	42.602	
7	8.92188	8.96875	0.28906	0.29688	19.814	
7	8.87500	8.92188	0.28125	0.28906	36.972	
7	8.92188	8.96875	0.28125	0.28906	44.684	
7	8.96875	9.01562	0.28906	0.29688	53.394	
7	9.01562	9.06250	0.28906	0.29688	50.000	
7	8.96875	9.01562	0.28125	0.28906	4.780	
7	9.01562	9.06250	0.28125	0.28906	4.213	
7	9.06250	9.10938	0.30469	0.31250	36.387	
7	9.10938	9.15625	0.30469	0.31250	38.319	
7	9.06250	9.10938	0.29688	0.30469	14.363	
7	9.10938	9.15625	0.29688	0.30469	34.151	
7	9.15625	9.20312	0.30469	0.31250	24.752	
7	9.20312	9.25000	0.30469	0.31250	9.146	
7	9.15625	9.20312	0.29688	0.30469	24.527	
7	9.20312	9.25000	0.29688	0.30469	57.793	
7	9.06250	9.10938	0.28906	0.29688	45.538	
7	9.10938	9.15625	0.28906	0.29688	42.752	
7	9.06250	9.10938	0.28125	0.28906	41.083	
7	9.10938	9.15625	0.28125	0.28906	19.992	
7	9.15625	9.20312	0.28906	0.29688	3.922	
7	9.20312	9.25000	0.28906	0.29688	1.992	
7	9.15625	9.20312	0.28125	0.28906	8.316	
7	9.20312	9.25000	0.28125	0.28906	4.023	
7	8.87500	8.92188	0.27344	0.28125	39.165	
7	8.92188	8.96875	0.27344	0.28125	3.657	
7	8.87500	8.92188	0.26562	0.27344	33.415	
7	8.92188	8.96875	0.26562	0.27344	11.977	
7	8.96875	9.01562	0.27344	0.28125	23.048	
7	9.01562	9.06250	0.27344	0.28125	40.686	
7	8.96875	9.01562	0.26562	0.27344	28.419	
7	9.01562	9.06250	0.26562	0.27344	34.655	
7	8.87500	8.92188	0.25781	0.26562	40.092	
7	8.92188	8.96875	0.25781	0.26562	25.073	
7	8.87500	8.92188	0.25000	0.25781	42.536	
7	8.92188	8.96875	0.25000	0.25781	2.023	
7	8.96875	9.01562	0.25781	0.26562	36.745	
7	9.01562	9.06250	0.25781	0.26562	11.081	
7	8.96875	9.01562	0.25000	0.25781	31.393	
7	9.01562	9.06250	0.25000	0.25781	35.265	
7	9.06250	9.10938	0.27344	0.28125	32.655	
7	9.10938	9.15625	0.27344	0.28125	25.153	
7	9.06250	9.10938	0.26562	0.27344	36.607	
7	9.10938	9.15625	0.26562	0.27344	9.617	
7	9.15625	9.20312	0.27344	0.28125	18.987	
7	9.20312	9.25000	0.27344	0.28125	2.020	
7	9.15625	9.20312	0.26562	0.27344	4.122	
7	9.20312	9.25000	0.26562	0.27344	1.999	
7	9.06250	9.10938	0.25781	0.26562	26.149	
7	9.10938	9.15625	0.25781	0.26562	27.368	
7	9.06250	9.10938	0.25000	0.25781	26.091	
7	9.10938	9.15625	0.25000	0.25781	14.474	
7	9.15625	9.20312	0.25781	0.26562	7.335	
7	9.20312	9.25000	0.25781	0.26562	10.058	
7	9.15625	9.20312	0.25000	0.25781	13.625	
7	9.20312	9.25000	0.25000	0.25781	2.019	
7	9.25000	9.29688	0.36719	0.37500	50.000	
7	9.29688	9.34375	0.36719	0.37500	50.000	
7	9.25000	9.29688	0.35938	0.36719	69.655	
7	9.29688	9.34375	0.35938	0.36719	51.557	
7	9.34375	9.39062	0.36719	0.37500	52.244	
7	9.39062	9.43750	0.36719	0.37500	53.753	
7	9.34375	9.39062	0.35938	0.36719	50.000	
7	9.39062	9.43750	0.35938	0.36719	50.000	
7	9.25000	9.29688	0.35156	0.35938	50.000	
7	9.29688	9.34375	0.35156	0.35938	45.022	
7	9.25000	9.29688	0.34375	0.35156	26.801	
7	9.29688	9.34375	0.34375	0.35156	50.000	
7	9.34375	9.39062	0.35156	0.35938	39.168	
7	9.39062	9.43750	0.35156	0.35938	49.373	
7	9.34375	9.39062	0.34375	0.35156	53.358	
7	9.39062	9.43750	0.34375	0.35156	44.615	
7	9.43750	9.48438	0.36719	0.37500	50.000	
7	9.48438	9.53125	0.36719	0.37500	49.553	
7	9.43750	9.48438	0.35938	0.36719	50.000	
7	9.48438	9.53125	0.35938	0.36719	50.000	
7	9.53125	9.57812	0.36719	0.37500	55.038	
7	9.57812	9.62500	0.36719	0.37500	50.000	
7	9.53125	9.57812	0.35938	0.36719	50.000	
7	9.57812	9.62500	0.35938	0.36719	65.580	
7	9.43750	9.48438	0.35156	0.35938	64.617	
7	9.48438	9.53125	0.35156	0.35938	50.000	
7	9.43750	9.48438	0.34375	0.35156	27.687	
7	9.48438	9.53125	0.34375	0.35156	46.390	
7	9.53125	9.57812	0.35156	0.35938	9.816	
7	9.57812	9.62500	0.35156	0.35938	36.158	
7	9.53125	9.57812	0.34375	0.35156	35.007	
7	9.57812	9.62500	0.34375	0.35156	50.227	
7	9.25000	9.29688	0.33594	0.34375	56.812	
7	9.29688	9.34375	0.33594	0.34375	52.975	
7	9.25000	9.29688	0.32812	0.33594	42.822	
7	9.29688	9.34375	0.32812	0.33594	26.081	
7	9.34375	9.39062	0.33594	0.34375	40.100	
7	9.39062	9.43750	0.33594	0.34375	42.886	
7	9.34375	9.39062	0.32812	0.33594	38.335	
7	9.39062	9.43750	0.32812	0.33594	28.644	
7	9.25000	9.29688	0.32031	0.32812	50.781	
7	9.29688	9.34375	0.32031	0.32812	27.241	
7	9.25000	9.29688	0.31250	0.32031	43.429	
7	9.29688	9.34375	0.31250	0.32031	2.430	
7	9.34375	9.39062	0.32031	0.32812	43.706	
7	9.39062	9.43750	0.32031	0.32812	50.000	
7	9.34375	9.39062	0.31250	0.32031	42.095	
7	9.39062	9.43750	0.31250	0.32031	25.635	
7	9.43750	9.48438	0.33594	0.34375	42.876	
7	9.48438	9.53125	0.33594	0.34375	53.897	
7	9.43750	9.48438	0.32812	0.33594	38.598	
7	9.48438	9.53125	0.32812	0.33594	50.000	
7	9.53125	9.57812	0.33594	0.34375	50.000	
7	9.57812	9.62500	0.33594	0.34375	46.763	
7	9.53125	9.57812	0.32812	0.33594	43.088	
7	9.57812	9.62500	0.32812	0.33594	32.551	
7	9.43750	9.48438	0.32031	0.32812	49.707	
7	9.48438	9.53125	0.32031	0.32812	50.000	
7	9.43750	9.48438	0.31250	0.32031	44.243	
7	9.48438	9.53125	0.31250	0.32031	32.819	
7	9.53125	9.57812	0.32031	0.32812	34.522	
7	9.57812	9.62500	0.32031	0.32812	34.686	
7	9.53125	9.57812	0.31250	0.32031	42.184	
7	9.57812	9.62500	0.31250	0.32031	32.417	
7	9.62500	9.67188	0.36719	0.37500	50.000	
7	9.67188	9.71875	0.36719	0.37500	44.599	
7	9.62500	9.67188	0.35938	0.36719	31.923	
7	9.67188	9.71875	0.35938	0.36719	50.000	
7	9.71875	9.76562	0.36719	0.37500	67.654	
7	9.76562	9.81250	0.36719	0.37500	50.000	
7	9.71875	9.76562	0.35938	0.36719	50.000	
7	9.76562	9.81250	0.35938	0.36719	36.479	
7	9.62500	9.67188	0.35156	0.35938	50.000	
7	9.67188	9.71875	0.35156	0.35938	53.805	
7	9.62500	9.67188	0.34375	0.35156	54.479	
7	9.67188	9.71875	0.34375	0.35156	48.081	
7	9.71875	9.76562	0.35156	0.35938	50.000	
7	9.76562	9.81250	0.35156	0.35938	50.000	
7	9.71875	9.76562	0.34375	0.35156	29.537	
7	9.76562	9.81250	0.34375	0.35156	30.994	
7	9.81250	9.85938	0.36719	0.37500	39.984	
7	9.85938	9.90625	0.36719	0.37500	50.000	
7	9.81250	9.85938	0.35938	0.36719	66.518	
7	9.85938	9.90625	0.35938	0.36719	53.543	
7	9.90625	9.95312	0.36719	0.37500	47.888	
7	9.95312	10.00000	0.36719	0.37500	50.763	
7	9.90625	9.95312	0.35938	0.36719	62.754	
7	9.95312	10.00000	0.35938	0.36719	18.675	
7	9.81250	9.85938	0.35156	0.35938	34.245	
7	9.85938	9.90625	0.35156	0.35938	52.313	
7	9.81250	9.85938	0.34375	0.35156	39.223	
7	9.85938	9.90625	0.34375	0.35156	16.921	
7	9.90625	9.95312	0.35156	0.35938	16.650	
7	9.95312	10.00000	0.35156	0.35938	11.624	
7	9.90625	9.95312	0.34375	0.35156	5.011	
7	9.95312	10.00000	0.34375	0.35156	1.969	
7	9.62500	9.67188	0.33594	0.34375	44.567	
7	9.67188	9.71875	0.33594	0.34375	32.406	
7	9.62500	9.67188	0.32812	0.33594	33.653	
7	9.67188	9.71875	0.32812	0.33594	33.729	
7	9.71875	9.76562	0.33594	0.34375	32.105	
7	9.76562	9.81250	0.33594	0.34375	32.533	
7	9.71875	9.76562	0.32812	0.33594	35.762	
7	9.76562	9.81250	0.32812	0.33594	45.815	
7	9.62500	9.67188	0.32031	0.32812	38.164	
7	9.67188	9.71875	0.32031	0.32812	49.109	
7	9.62500	9.67188	0.31250	0.32031	31.480	
7	9.67188	9.71875	0.31250	0.32031	26.005	
7	9.71875	9.76562	0.32031	0.32812	12.596	
7	9.76562	9.81250	0.32031	0.32812	30.318	
7	9.71875	9.76562	0.31250	0.32031	20.752	
7	9.76562	9.81250	0.31250	0.32031	29.575	
7	9.81250	9.85938	0.33594	0.34375	33.716	
7	9.85938	9.90625	0.33594	0.34375	23.717	
7	9.81250	9.85938	0.32812	0.33594	31.081	
7	9.85938	9.90625	0.32812	0.33594	22.194	
7	9.90625	9.95312	0.33594	0.34375	3.023	
7	9.95312	10.00000	0.33594	0.34375	1.999	
7	9.90625	9.95312	0.32812	0.33594	1.888	
7	9.95312	10.00000	0.32812	0.33594	2.010	
7	9.81250	9.85938	0.32031	0.32812	21.402	
7	9.85938	9.90625	0.32031	0.32812	29.321	
7	9.81250	9.85938	0.31250	0.32031	2.015	
7	9.85938	9.90625	0.31250	0.32031	1.991	
7	9.90625	9.95312	0.32031	0.32812	1.987	
7	9.95312	10.00000	0.32031	0.32812	1.966	
7	9.90625	9.95312	0.31250	0.32031	2.001	
7	9.95312	10.00000	0.31250	0.32031	1.965	
7	9.25000	9.29688	0.30469	0.31250	1.885	
7	9.29688	9.34375	0.30469	0.31250	47.028	
7	9.25000	9.29688	0.29688	0.30469	1.996	
7	9.29688	9.34375	0.29688	0.30469	26.697	
7	9.34375	9.39062	0.30469	0.31250	29.758	
7	9.39062	9.43750	0.30469	0.31250	42.203	
7	9.34375	9.39062	0.29688	0.30469	41.388	
7	9.39062	9.43750	0.29688	0.30469	29.226	
7	9.25000	9.29688	0.28906	0.29688	13.534	
7	9.29688	9.34375	0.28906	0.29688	22.341	
7	9.25000	9.29688	0.28125	0.28906	4.580	
7	9.29688	9.34375	0.28125	0.28906	35.318	
7	9.34375	9.39062	0.28906	0.29688	7.378	
7	9.39062	9.43750	0.28906	0.29688	34.027	
7	9.34375	9.39062	0.28125	0.28906	31.391	
7	9.39062	9.43750	0.28125	0.28906	24.964	
7	9.43750	9.48438	0.30469	0.31250	47.389	
7	9.48438	9.53125	0.30469	0.31250	36.360	
7	9.43750	9.48438	0.29688	0.30469	31.818	
7	9.48438	9.53125	0.29688	0.30469	30.033	
7	9.53125	9.57812	0.30469	0.31250	30.419	
7	9.57812	9.62500	0.30469	0.31250	21.984	
7	9.53125	9.57812	0.29688	0.30469	20.712	
7	9.57812	9.62500	0.29688	0.30469	30.698	
7	9.43750	9.48438	0.28906	0.29688	32.566	
7	9.48438	9.53125	0.28906	0.29688	8.197	
7	9.43750	9.48438	0.28125	0.28906	34.147	
7	9.48438	9.53125	0.28125	0.28906	6.500	
7	9.53125	9.57812	0.28906	0.29688	22.100	
7	9.57812	9.62500	0.28906	0.29688	14.531	
7	9.53125	9.57812	0.28125	0.28906	3.162	
7	9.57812	9.62500	0.28125	0.28906	2.365	
7	9.25000	9.29688	0.27344	0.28125	20.814	
7	9.29688	9.34375	0.27344	0.28125	31.069	
7	9.25000	9.29688	0.26562	0.27344	2.677	
7	9.29688	9.34375	0.26562	0.27344	17.953	
7	9.34375	9.39062	0.27344	0.28125	36.387	
7	9.39062	9.43750	0.27344	0.28125	23.628	
7	9.34375	9.39062	0.26562	0.27344	17.132	
7	9.39062	9.43750	0.26562	0.27344	18.302	
7	9.25000	9.29688	0.25781	0.26562	3.982	
7	9.29688	9.34375	0.25781	0.26562	19.328	
7	9.25000	9.29688	0.25000	0.25781	2.081	
7	9.29688	9.34375	0.25000	0.25781	9.337	
7	9.34375	9.39062	0.25781	0.26562	11.051	
7	9.39062	9.43750	0.25781	0.26562	1.915	
7	9.34375	9.39062	0.25000	0.25781	6.431	
7	9.39062	9.43750	0.25000	0.25781	2.291	
7	9.43750	9.48438	0.27344	0.28125	17.246	
7	9.48438	9.53125	0.27344	0.28125	18.950	
7	9.43750	9.48438	0.26562	0.27344	15.720	
7	9.48438	9.53125	0.26562	0.27344	21.849	
7	9.53125	9.57812	0.27344	0.28125	17.204	
7	9.57812	9.62500	0.27344	0.28125	12.526	
7	9.53125	9.57812	0.26562	0.27344	3.915	
7	9.57812	9.62500	0.26562	0.27344	11.631	
7	9.43750	9.48438	0.25781	0.26562	7.134	
7	9.48438	9.53125	0.25781	0.26562	13.280	
7	9.43750	9.48438	0.25000	0.25781	6.785	
7	9.48438	9.53125	0.25000	0.25781	20.678	
7	9.53125	9.57812	0.25781	0.26562	14.530	
7	9.57812	9.62500	0.25781	0.26562	1.998	
7	9.53125	9.57812	0.25000	0.25781	1.904	
7	9.57812	9.62500	0.25000	0.25781	2.009	
7	9.62500	9.67188	0.30469	0.31250	34.422	
7	9.67188	9.71875	0.30469	0.31250	5.568	
7	9.62500	9.67188	0.29688	0.30469	24.632	
7	9.67188	9.71875	0.29688	0.30469	30.850	
7	9.71875	9.76562	0.30469	0.31250	29.475	
7	9.76562	9.81250	0.30469	0.31250	27.863	
7	9.71875	9.76562	0.29688	0.30469	28.573	
7	9.76562	9.81250	0.29688	0.30469	15.485	
7	9.62500	9.67188	0.28906	0.29688	31.938	
7	9.67188	9.71875	0.28906	0.29688	8.152	
7	9.62500	9.67188	0.28125	0.28906	22.628	
7	9.67188	9.71875	0.28125	0.28906	8.138	
7	9.71875	9.76562	0.28906	0.29688	28.832	
7	9.76562	9.81250	0.28906	0.29688	1.937	
7	9.71875	9.76562	0.28125	0.28906	13.117	
7	9.76562	9.81250	0.28125	0.28906	2.066	
7	9.81250	9.85938	0.30469	0.31250	20.770	
7	9.85938	9.90625	0.30469	0.31250	2.005	
7	9.81250	9.85938	0.29688	0.30469	23.051	
7	9.85938	9.90625	0.29688	0.30469	7.638	
7	9.90625	9.95312	0.30469	0.31250	1.966	
7	9.95312	10.00000	0.30469	0.31250	1.998	
7	9.90625	9.95312	0.29688	0.30469	1.974	
7	9.95312	10.00000	0.29688	0.30469	1.996	
7	9.81250	9.85938	0.28906	0.29688	28.998	
7	9.85938	9.90625	0.28906	0.29688	7.346	
7	9.81250	9.85938	0.28125	0.28906	15.690	
7	9.85938	9.90625	0.28125	0.28906	15.601	
7	9.90625	9.95312	0.28906	0.29688	1.999	
7	9.95312	10.00000	0.28906	0.29688	1.998	
7	9.90625	9.95312	0.28125	0.28906	1.956	
7	9.95312	10.00000	0.28125	0.28906	1.892	
7	9.62500	9.67188	0.27344	0.28125	21.469	
7	9.67188	9.71875	0.27344	0.28125	1.968	
7	9.62500	9.67188	0.26562	0.27344	15.247	
7	9.67188	9.71875	0.26562	0.27344	1.994	
7	9.71875	9.76562	0.27344	0.28125	2.196	
7	9.76562	9.81250	0.27344	0.28125	1.781	
7	9.71875	9.76562	0.26562	0.27344	2.023	
7	9.76562	9.81250	0.26562	0.27344	1.801	
7	9.62500	9.67188	0.25781	0.26562	28.932	
7	9.67188	9.71875	0.25781	0.26562	1.940	
7	9.62500	9.67188	0.25000	0.25781	13.574	
7	9.67188	9.71875	0.25000	0.25781	2.426	
7	9.71875	9.76562	0.25781	0.26562	2.010	
7	9.76562	9.81250	0.25781	0.26562	1.874	
7	9.71875	9.76562	0.25000	0.25781	2.014	
7	9.76562	9.81250	0.25000	0.25781	1.955	
7	9.81250	9.85938	0.27344	0.28125	3.816	
7	9.85938	9.90625	0.27344	0.28125	2.058	
7	9.81250	9.85938	0.26562	0.27344	3.864	
7	9.85938	9.90625	0.26562	0.27344	2.007	
7	9.90625	9.95312	0.27344	0.28125	1.988	
7	9.95312	10.00000	0.27344	0.28125	1.915	
7	9.90625	9.95312	0.26562	0.27344	1.952	
7	9.95312	10.00000	0.26562	0.27344	1.996	
7	9.81250	9.85938	0.25781	0.26562	1.947	
7	9.85938	9.90625	0.25781	0.26562	5.931	
7	9.81250	9.85938	0.25000	0.25781	2.141	
7	9.85938	9.90625	0.25000	0.25781	2.770	
7	9.90625	9.95312	0.25781	0.26562	2.007	
7	9.95312	10.00000	0.25781	0.26562	2.000	
7	9.90625	9.95312	0.25000	0.25781	2.002	
7	9.95312	10.00000	0.25000	0.25781	2.006	
5	7.00000	7.18750	0.21875	0.25000	50.000	
6	7.18750	7.28125	0.23438	0.25000	50.000	
6	7.28125	7.37500	0.23438	0.25000	50.000	
6	7.18750	7.28125	0.21875	0.23438	50.000	
6	7.28125	7.37500	0.21875	0.23438	50.000	
5	7.00000	7.18750	0.18750	0.21875	50.000	
6	7.18750	7.28125	0.20312	0.21875	50.000	
6	7.28125	7.37500	0.20312	0.21875	50.000	
7	7.18750	7.23438	0.19531	0.20312	50.000	
7	7.23438	7.28125	0.19531	0.20312	50.000	
7	7.18750	7.23438	0.18750	0.19531	50.000	
7	7.23438	7.28125	0.18750	0.19531	50.000	
6	7.28125	7.37500	0.18750	0.20312	50.000	
6	7.37500	7.46875	0.23438	0.25000	50.000	
6	7.46875	7.56250	0.23438	0.25000	50.000	
6	7.37500	7.46875	0.21875	0.23438	50.000	
7	7.46875	7.51562	0.22656	0.23438	50.000	
7	7.51562	7.56250	0.22656	0.23438	50.000	
7	7.46875	7.51562	0.21875	0.22656	50.000	
7	7.51562	7.56250	0.21875	0.22656	50.000	
6	7.56250	7.65625	0.23438	0.25000	50.000	
7	7.65625	7.70312	0.24219	0.25000	50.000	
7	7.70312	7.75000	0.24219	0.25000	50.000	
7	7.65625	7.70312	0.23438	0.24219	50.000	
7	7.70312	7.75000	0.23438	0.24219	50.000	
7	7.56250	7.60938	0.22656	0.23438	50.000	
7	7.60938	7.65625	0.22656	0.23438	50.000	
7	7.56250	7.60938	0.21875	0.22656	138.746	
7	7.60938	7.65625	0.21875	0.22656	97.742	
7	7.65625	7.70312	0.22656	0.23438	50.000	
7	7.70312	7.75000	0.22656	0.23438	96.413	
7	7.65625	7.70312	0.21875	0.22656	50.000	
7	7.70312	7.75000	0.21875	0.22656	50.000	
7	7.37500	7.42188	0.21094	0.21875	50.000	
7	7.42188	7.46875	0.21094	0.21875	50.000	
7	7.37500	7.42188	0.20312	0.21094	50.000	
7	7.42188	7.46875	0.20312	0.21094	50.000	
7	7.46875	7.51562	0.21094	0.21875	50.000	
7	7.51562	7.56250	0.21094	0.21875	87.277	
7	7.46875	7.51562	0.20312	0.21094	50.000	
7	7.51562	7.56250	0.20312	0.21094	53.129	
7	7.37500	7.42188	0.19531	0.20312	51.561	
7	7.42188	7.46875	0.19531	0.20312	86.585	
7	7.37500	7.42188	0.18750	0.19531	89.477	
7	7.42188	7.46875	0.18750	0.19531	88.767	
7	7.46875	7.51562	0.19531	0.20312	89.434	
7	7.51562	7.56250	0.19531	0.20312	50.000	
7	7.46875	7.51562	0.18750	0.19531	50.000	
7	7.51562	7.56250	0.18750	0.19531	76.244	
7	7.56250	7.60938	0.21094	0.21875	50.000	
7	7.60938	7.65625	0.21094	0.21875	50.000	
7	7.56250	7.60938	0.20312	0.21094	50.000	
7	7.60938	7.65625	0.20312	0.21094	67.473	
7	7.65625	7.70312	0.21094	0.21875	38.620	
7	7.70312	7.75000	0.21094	0.21875	68.567	
7	7.65625	7.70312	0.20312	0.21094	71.932	
7	7.70312	7.75000	0.20312	0.21094	71.315	
7	7.56250	7.60938	0.19531	0.20312	65.993	
7	7.60938	7.65625	0.19531	0.20312	50.000	
7	7.56250	7.60938	0.18750	0.19531	72.354	
7	7.60938	7.65625	0.18750	0.19531	51.022	
7	7.65625	7.70312	0.19531	0.20312	23.252	
7	7.70312	7.75000	0.19531	0.20312	50.013	
7	7.65625	7.70312	0.18750	0.19531	37.795	
7	7.70312	7.75000	0.18750	0.19531	12.144	
6	7.00000	7.09375	0.17188	0.18750	50.000	
6	7.09375	7.18750	0.17188	0.18750	50.000	
6	7.00000	7.09375	0.15625	0.17188	50.000	
7	7.09375	7.14062	0.16406	0.17188	50.000	
7	7.14062	7.18750	0.16406	0.17188	50.000	
7	7.09375	7.14062	0.15625	0.16406	50.000	
7	7.14062	7.18750	0.15625	0.16406	104.696	
7	7.18750	7.23438	0.17969	0.18750	50.000	
7	7.23438	7.28125	0.17969	0.18750	91.433	
7	7.18750	7.23438	0.17188	0.17969	50.000	
7	7.23438	7.28125	0.17188	0.17969	50.000	
7	7.28125	7.32812	0.17969	0.18750	50.000	
7	7.32812	7.37500	0.17969	0.18750	50.000	
7	7.28125	7.32812	0.17188	0.17969	94.935	
7	7.32812	7.37500	0.17188	0.17969	94.671	
7	7.18750	7.23438	0.16406	0.17188	96.777	
7	7.23438	7.28125	0.16406	0.17188	46.111	
7	7.18750	7.23438	0.15625	0.16406	50.000	
7	7.23438	7.28125	0.15625	0.16406	50.000	
7	7.28125	7.32812	0.16406	0.17188	95.744	
7	7.32812	7.37500	0.16406	0.17188	75.990	
7	7.28125	7.32812	0.15625	0.16406	51.447	
7	7.32812	7.37500	0.15625	0.16406	50.000	
7	7.00000	7.04688	0.14844	0.15625	50.000	
7	7.04688	7.09375	0.14844	0.15625	50.000	
7	7.00000	7.04688	0.14062	0.14844	4.160	
7	7.04688	7.09375	0.14062	0.14844	86.223	
7	7.09375	7.14062	0.14844	0.15625	96.248	
7	7.14062	7.18750	0.14844	0.15625	50.000	
7	7.09375	7.14062	0.14062	0.14844	50.000	
7	7.14062	7.18750	0.14062	0.14844	83.931	
7	7.00000	7.04688	0.13281	0.14062	2.005	
7	7.04688	7.09375	0.13281	0.14062	50.000	
7	7.00000	7.04688	0.12500	0.13281	2.051	
7	7.04688	7.09375	0.12500	0.13281	13.399	
7	7.09375	7.14062	0.13281	0.14062	50.000	
7	7.14062	7.18750	0.13281	0.14062	79.376	
7	7.09375	7.14062	0.12500	0.13281	1.559	
7	7.14062	7.18750	0.12500	0.13281	50.000	
7	7.18750	7.23438	0.14844	0.15625	50.000	
7	7.23438	7.28125	0.14844	0.15625	79.684	
7	7.18750	7.23438	0.14062	0.14844	48.330	
7	7.23438	7.28125	0.14062	0.14844	59.847	
7	7.28125	7.32812	0.14844	0.15625	67.289	
7	7.32812	7.37500	0.14844	0.15625	57.158	
7	7.28125	7.32812	0.14062	0.14844	82.176	
7	7.32812	7.37500	0.14062	0.14844	73.075	
7	7.18750	7.23438	0.13281	0.14062	50.000	
7	7.23438	7.28125	0.13281	0.14062	95.722	
7	7.18750	7.23438	0.12500	0.13281	35.666	
7	7.23438	7.28125	0.12500	0.13281	77.485	
7	7.28125	7.32812	0.13281	0.14062	36.187	
7	7.32812	7.37500	0.13281	0.14062	65.343	
7	7.28125	7.32812	0.12500	0.13281	24.132	
7	7.32812	7.37500	0.12500	0.13281	46.525	
7	7.37500	7.42188	0.17969	0.18750	85.155	
7	7.42188	7.46875	0.17969	0.18750	59.140	
7	7.37500	7.42188	0.17188	0.17969	67.202	
7	7.42188	7.46875	0.17188	0.17969	32.943	
7	7.46875	7.51562	0.17969	0.18750	82.795	
7	7.51562	7.56250	0.17969	0.18750	62.907	
7	7.46875	7.51562	0.17188	0.17969	50.024	
7	7.51562	7.56250	0.17188	0.17969	50.000	
7	7.37500	7.42188	0.16406	0.17188	59.429	
7	7.42188	7.46875	0.16406	0.17188	61.206	
7	7.37500	7.42188	0.15625	0.16406	69.093	
7	7.42188	7.46875	0.15625	0.16406	46.777	
7	7.46875	7.51562	0.16406	0.17188	23.098	
7	7.51562	7.56250	0.16406	0.17188	47.202	
7	7.46875	7.51562	0.15625	0.16406	79.093	
7	7.51562	7.56250	0.15625	0.16406	51.590	
7	7.56250	7.60938	0.17969	0.18750	51.458	
7	7.60938	7.65625	0.17969	0.18750	50.000	
7	7.56250	7.60938	0.17188	0.17969	30.616	
7	7.60938	7.65625	0.17188	0.17969	59.957	
7	7.65625	7.70312	0.17969	0.18750	60.953	
7	7.70312	7.75000	0.17969	0.18750	19.909	
7	7.65625	7.70312	0.17188	0.17969	59.543	
7	7.70312	7.75000	0.17188	0.17969	37.183	
7	7.56250	7.60938	0.16406	0.17188	28.708	
7	7.60938	7.65625	0.16406	0.17188	8.788	
7	7.56250	7.60938	0.15625	0.16406	48.085	
7	7.60938	7.65625	0.15625	0.16406	36.055	
7	7.65625	7.70312	0.16406	0.17188	56.235	
7	7.70312	7.75000	0.16406	0.17188	31.175	
7	7.65625	7.70312	0.15625	0.16406	21.022	
7	7.70312	7.75000	0.15625	0.16406	11.060	
7	7.37500	7.42188	0.14844	0.15625	35.928	
7	7.42188	7.46875	0.14844	0.15625	50.000	
7	7.37500	7.42188	0.14062	0.14844	45.859	
7	7.42188	7.46875	0.14062	0.14844	29.096	
7	7.46875	7.51562	0.14844	0.15625	45.164	
7	7.51562	7.56250	0.14844	0.15625	6.476	
7	7.46875	7.51562	0.14062	0.14844	28.576	
7	7.51562	7.56250	0.14062	0.14844	11.186	
7	7.37500	7.42188	0.13281	0.14062	63.814	
7	7.42188	7.46875	0.13281	0.14062	55.031	
7	7.37500	7.42188	0.12500	0.13281	77.404	
7	7.42188	7.46875	0.12500	0.13281	46.895	
7	7.46875	7.51562	0.13281	0.14062	53.212	
7	7.51562	7.56250	0.13281	0.14062	13.443	
7	7.46875	7.51562	0.12500	0.13281	49.828	
7	7.51562	7.56250	0.12500	0.13281	3.588	
7	7.56250	7.60938	0.14844	0.15625	35.393	
7	7.60938	7.65625	0.14844	0.15625	34.664	
7	7.56250	7.60938	0.14062	0.14844	33.858	
7	7.60938	7.65625	0.14062	0.14844	39.571	
7	7.65625	7.70312	0.14844	0.15625	11.681	
7	7.70312	7.75000	0.14844	0.15625	10.807	
7	7.65625	7.70312	0.14062	0.14844	32.608	
7	7.70312	7.75000	0.14062	0.14844	26.064	
7	7.56250	7.60938	0.13281	0.14062	19.963	
7	7.60938	7.65625	0.13281	0.14062	25.824	
7	7.56250	7.60938	0.12500	0.13281	21.527	
7	7.60938	7.65625	0.12500	0.13281	19.037	
7	7.65625	7.70312	0.13281	0.14062	25.871	
7	7.70312	7.75000	0.13281	0.14062	18.882	
7	7.65625	7.70312	0.12500	0.13281	25.535	
7	7.70312	7.75000	0.12500	0.13281	5.296	
7	7.75000	7.79688	0.24219	0.25000	88.618	
7	7.79688	7.84375	0.24219	0.25000	50.000	
7	7.75000	7.79688	0.23438	0.24219	48.253	
7	7.79688	7.84375	0.23438	0.24219	50.000	
7	7.84375	7.89062	0.24219	0.25000	70.496	
7	7.89062	7.93750	0.24219	0.25000	50.000	
7	7.84375	7.89062	0.23438	0.24219	57.302	
7	7.89062	7.93750	0.23438	0.24219	63.238	
7	7.75000	7.79688	0.22656	0.23438	50.000	
7	7.79688	7.84375	0.22656	0.23438	50.000	
7	7.75000	7.79688	0.21875	0.22656	32.660	
7	7.79688	7.84375	0.21875	0.22656	62.127	
7	7.84375	7.89062	0.22656	0.23438	84.490	
7	7.89062	7.93750	0.22656	0.23438	65.017	
7	7.84375	7.89062	0.21875	0.22656	28.406	
7	7.89062	7.93750	0.21875	0.22656	60.917	
7	7.93750	7.98438	0.24219	0.25000	62.282	
7	7.98438	8.03125	0.24219	0.25000	50.000	
7	7.93750	7.98438	0.23438	0.24219	50.000	
7	7.98438	8.03125	0.23438	0.24219	30.727	
7	8.03125	8.07812	0.24219	0.25000	5.275	
7	8.07812	8.12500	0.24219	0.25000	3.988	
7	8.03125	8.07812	0.23438	0.24219	13.778	
7	8.07812	8.12500	0.23438	0.24219	2.870	
7	7.93750	7.98438	0.22656	0.23438	14.726	
7	7.98438	8.03125	0.22656	0.23438	40.822	
7	7.93750	7.98438	0.21875	0.22656	8.661	
7	7.98438	8.03125	0.21875	0.22656	7.734	
7	8.03125	8.07812	0.22656	0.23438	5.561	
7	8.07812	8.12500	0.22656	0.23438	3.164	
7	8.03125	8.07812	0.21875	0.22656	37.168	
7	8.07812	8.12500	0.21875	0.22656	1.368	
7	7.75000	7.79688	0.21094	0.21875	72.446	
7	7.79688	7.84375	0.21094	0.21875	50.000	
7	7.75000	7.79688	0.20312	0.21094	24.781	
7	7.79688	7.84375	0.20312	0.21094	50.000	
7	7.84375	7.89062	0.21094	0.21875	64.807	
7	7.89062	7.93750	0.21094	0.21875	53.943	
7	7.84375	7.89062	0.20312	0.21094	61.779	
7	7.89062	7.93750	0.20312	0.21094	57.034	
7	7.75000	7.79688	0.19531	0.20312	76.457	
7	7.79688	7.84375	0.19531	0.20312	50.000	
7	7.75000	7.79688	0.18750	0.19531	33.838	
7	7.79688	7.84375	0.18750	0.19531	36.089	
7	7.84375	7.89062	0.19531	0.20312	54.343	
7	7.89062	7.93750	0.19531	0.20312	11.185	
7	7.84375	7.89062	0.18750	0.19531	23.499	
7	7.89062	7.93750	0.18750	0.19531	50.000	
7	7.93750	7.98438	0.21094	0.21875	7.241	
7	7.98438	8.03125	0.21094	0.21875	3.127	
7	7.93750	7.98438	0.20312	0.21094	11.178	
7	7.98438	8.03125	0.20312	0.21094	3.133	
7	8.03125	8.07812	0.21094	0.21875	2.453	
7	8.07812	8.12500	0.21094	0.21875	2.003	
7	8.03125	8.07812	0.20312	0.21094	1.837	
7	8.07812	8.12500	0.20312	0.21094	2.334	
7	7.93750	7.98438	0.19531	0.20312	25.133	
7	7.98438	8.03125	0.19531	0.20312	4.226	
7	7.93750	7.98438	0.18750	0.19531	31.270	
7	7.98438	8.03125	0.18750	0.19531	6.225	
7	8.03125	8.07812	0.19531	0.20312	2.502	
7	8.07812	8.12500	0.19531	0.20312	2.074	
7	8.03125	8.07812	0.18750	0.19531	1.993	
7	8.07812	8.12500	0.18750	0.19531	1.409	
7	8.12500	8.17188	0.24219	0.25000	3.343	
7	8.17188	8.21875	0.24219	0.25000	1.819	
7	8.12500	8.17188	0.23438	0.24219	2.008	
7	8.17188	8.21875	0.23438	0.24219	1.842	
6	8.21875	8.31250	0.23438	0.25000	2.016	
7	8.12500	8.17188	0.22656	0.23438	2.019	
7	8.17188	8.21875	0.22656	0.23438	1.944	
7	8.12500	8.17188	0.21875	0.22656	2.011	
7	8.17188	8.21875	0.21875	0.22656	2.092	
6	8.21875	8.31250	0.21875	0.23438	1.981	
6	8.31250	8.40625	0.23438	0.25000	2.357	
6	8.40625	8.50000	0.23438	0.25000	1.982	
6	8.31250	8.40625	0.21875	0.23438	1.974	
6	8.40625	8.50000	0.21875	0.23438	1.906	
7	8.12500	8.17188	0.21094	0.21875	2.006	
7	8.17188	8.21875	0.21094	0.21875	1.771	
7	8.12500	8.17188	0.20312	0.21094	1.737	
7	8.17188	8.21875	0.20312	0.21094	1.614	
6	8.21875	8.31250	0.20312	0.21875	1.836	
6	8.12500	8.21875	0.18750	0.20312	1.848	
6	8.21875	8.31250	0.18750	0.20312	1.995	
6	8.31250	8.40625	0.20312	0.21875	2.189	
7	8.40625	8.45312	0.21094	0.21875	1.964	
7	8.45312	8.50000	0.21094	0.21875	2.472	
7	8.40625	8.45312	0.20312	0.21094	1.986	
7	8.45312	8.50000	0.20312	0.21094	7.490	
7	8.31250	8.35938	0.19531	0.20312	2.091	
7	8.35938	8.40625	0.19531	0.20312	1.941	
7	8.31250	8.35938	0.18750	0.19531	2.367	
7	8.35938	8.40625	0.18750	0.19531	1.869	
7	8.40625	8.45312	0.19531	0.20312	2.117	
7	8.45312	8.50000	0.19531	0.20312	2.910	
7	8.40625	8.45312	0.18750	0.19531	2.011	
7	8.45312	8.50000	0.18750	0.19531	2.005	
7	7.75000	7.79688	0.17969	0.18750	38.040	
7	7.79688	7.84375	0.17969	0.18750	57.339	
7	7.75000	7.79688	0.17188	0.17969	37.686	
7	7.79688	7.84375	0.17188	0.17969	29.877	
7	7.84375	7.89062	0.17969	0.18750	47.922	
7	7.89062	7.93750	0.17969	0.18750	72.802	
7	7.84375	7.89062	0.17188	0.17969	5.359	
7	7.89062	7.93750	0.17188	0.17969	9.416	
7	7.75000	7.79688	0.16406	0.17188	31.853	
7	7.79688	7.84375	0.16406	0.17188	21.602	
7	7.75000	7.79688	0.15625	0.16406	32.051	
7	7.79688	7.84375	0.15625	0.16406	2.086	
7	7.84375	7.89062	0.16406	0.17188	7.737	
7	7.89062	7.93750	0.16406	0.17188	6.772	
7	7.84375	7.89062	0.15625	0.16406	3.104	
7	7.89062	7.93750	0.15625	0.16406	5.040	
7	7.93750	7.98438	0.17969	0.18750	2.252	
7	7.98438	8.03125	0.17969	0.18750	2.066	
7	7.93750	7.98438	0.17188	0.17969	5.510	
7	7.98438	8.03125	0.17188	0.17969	2.032	
7	8.03125	8.07812	0.17969	0.18750	1.839	
7	8.07812	8.12500	0.17969	0.18750	1.998	
7	8.03125	8.07812	0.17188	0.17969	2.302	
7	8.07812	8.12500	0.17188	0.17969	1.991	
7	7.93750	7.98438	0.16406	0.17188	7.413	
7	7.98438	8.03125	0.16406	0.17188	2.619	
7	7.93750	7.98438	0.15625	0.16406	19.759	
7	7.98438	8.03125	0.15625	0.16406	11.686	
7	8.03125	8.07812	0.16406	0.17188	2.040	
7	8.07812	8.12500	0.16406	0.17188	1.988	
7	8.03125	8.07812	0.15625	0.16406	1.958	
7	8.07812	8.12500	0.15625	0.16406	1.805	
7	7.75000	7.79688	0.14844	0.15625	3.469	
7	7.79688	7.84375	0.14844	0.15625	12.724	
7	7.75000	7.79688	0.14062	0.14844	12.181	
7	7.79688	7.84375	0.14062	0.14844	4.195	
7	7.84375	7.89062	0.14844	0.15625	2.026	
7	7.89062	7.93750	0.14844	0.15625	4.051	
7	7.84375	7.89062	0.14062	0.14844	2.008	
7	7.89062	7.93750	0.14062	0.14844	2.210	
7	7.75000	7.79688	0.13281	0.14062	9.489	
7	7.79688	7.84375	0.13281	0.14062	1.654	
7	7.75000	7.79688	0.12500	0.13281	1.589	
7	7.79688	7.84375	0.12500	0.13281	2.656	
7	7.84375	7.89062	0.13281	0.14062	2.155	
7	7.89062	7.93750	0.13281	0.14062	2.032	
7	7.84375	7.89062	0.12500	0.13281	2.013	
7	7.89062	7.93750	0.12500	0.13281	2.072	
7	7.93750	7.98438	0.14844	0.15625	4.655	
7	7.98438	8.03125	0.14844	0.15625	10.168	
7	7.93750	7.98438	0.14062	0.14844	2.000	
7	7.98438	8.03125	0.14062	0.14844	1.998	
7	8.03125	8.07812	0.14844	0.15625	2.006	
7	8.07812	8.12500	0.14844	0.15625	1.955	
7	8.03125	8.07812	0.14062	0.14844	2.308	
7	8.07812	8.12500	0.14062	0.14844	2.179	
7	7.93750	7.98438	0.13281	0.14062	2.003	
7	7.98438	8.03125	0.13281	0.14062	2.295	
7	7.93750	7.98438	0.12500	0.13281	1.996	
7	7.98438	8.03125	0.12500	0.13281	2.001	
6	8.03125	8.12500	0.12500	0.14062	1.970	
6	8.12500	8.21875	0.17188	0.18750	1.970	
6	8.21875	8.31250	0.17188	0.18750	2.033	
6	8.12500	8.21875	0.15625	0.17188	1.922	
6	8.21875	8.31250	0.15625	0.17188	2.019	
7	8.31250	8.35938	0.17969	0.18750	2.015	
7	8.35938	8.40625	0.17969	0.18750	2.203	
7	8.31250	8.35938	0.17188	0.17969	1.974	
7	8.35938	8.40625	0.17188	0.17969	1.976	
7	8.40625	8.45312	0.17969	0.18750	4.641	
7	8.45312	8.50000	0.17969	0.18750	2.065	
7	8.40625	8.45312	0.17188	0.17969	4.238	
7	8.45312	8.50000	0.17188	0.17969	2.000	
7	8.31250	8.35938	0.16406	0.17188	2.085	
7	8.35938	8.40625	0.16406	0.17188	2.000	
7	8.31250	8.35938	0.15625	0.16406	3.122	
7	8.35938	8.40625	0.15625	0.16406	1.960	
7	8.40625	8.45312	0.16406	0.17188	2.069	
7	8.45312	8.50000	0.16406	0.17188	2.031	
7	8.40625	8.45312	0.15625	0.16406	3.716	
7	8.45312	8.50000	0.15625	0.16406	2.015	
5	8.12500	8.31250	0.12500	0.15625	1.907	
7	8.31250	8.35938	0.14844	0.15625	2.091	
7	8.35938	8.40625	0.14844	0.15625	4.166	
7	8.31250	8.35938	0.14062	0.14844	2.013	
7	8.35938	8.40625	0.14062	0.14844	2.165	
7	8.40625	8.45312	0.14844	0.15625	2.024	
7	8.45312	8.50000	0.14844	0.15625	2.006	
7	8.40625	8.45312	0.14062	0.14844	1.997	
7	8.45312	8.50000	0.14062	0.14844	2.043	
6	8.31250	8.40625	0.12500	0.14062	1.923	
6	8.40625	8.50000	0.12500	0.14062	2.043	
7	7.00000	7.04688	0.11719	0.12500	2.011	
7	7.04688	7.09375	0.11719	0.12500	7.379	
7	7.00000	7.04688	0.10938	0.11719	1.990	
7	7.04688	7.09375	0.10938	0.11719	27.737	
7	7.09375	7.14062	0.11719	0.12500	46.770	
7	7.14062	7.18750	0.11719	0.12500	61.396	
7	7.09375	7.14062	0.10938	0.11719	71.681	
7	7.14062	7.18750	0.10938	0.11719	56.048	
7	7.00000	7.04688	0.10156	0.10938	2.725	
7	7.04688	7.09375	0.10156	0.10938	2.020	
7	7.00000	7.04688	0.09375	0.10156	2.032	
7	7.04688	7.09375	0.09375	0.10156	2.132	
7	7.09375	7.14062	0.10156	0.10938	2.392	
7	7.14062	7.18750	0.10156	0.10938	50.000	
7	7.09375	7.14062	0.09375	0.10156	48.810	
7	7.14062	7.18750	0.09375	0.10156	2.008	
7	7.18750	7.23438	0.11719	0.12500	2.481	
7	7.23438	7.28125	0.11719	0.12500	64.910	
7	7.18750	7.23438	0.10938	0.11719	2.017	
7	7.23438	7.28125	0.10938	0.11719	13.963	
7	7.28125	7.32812	0.11719	0.12500	26.220	
7	7.32812	7.37500	0.11719	0.12500	50.058	
7	7.28125	7.32812	0.10938	0.11719	43.279	
7	7.32812	7.37500	0.10938	0.11719	51.378	
7	7.18750	7.23438	0.10156	0.10938	1.966	
7	7.23438	7.28125	0.10156	0.10938	17.655	
7	7.18750	7.23438	0.09375	0.10156	9.794	
7	7.23438	7.28125	0.09375	0.10156	44.657	
7	7.28125	7.32812	0.10156	0.10938	55.473	
7	7.32812	7.37500	0.10156	0.10938	21.724	
7	7.28125	7.32812	0.09375	0.10156	12.650	
7	7.32812	7.37500	0.09375	0.10156	21.418	
7	7.00000	7.04688	0.08594	0.09375	2.080	
7	7.04688	7.09375	0.08594	0.09375	1.751	
7	7.00000	7.04688	0.07812	0.08594	2.006	
7	7.04688	7.09375	0.07812	0.08594	1.942	
7	7.09375	7.14062	0.08594	0.09375	2.110	
7	7.14062	7.18750	0.08594	0.09375	1.945	
7	7.09375	7.14062	0.07812	0.08594	1.209	
7	7.14062	7.18750	0.07812	0.08594	1.989	
7	7.00000	7.04688	0.07031	0.07812	2.084	
7	7.04688	7.09375	0.07031	0.07812	2.012	
7	7.00000	7.04688	0.06250	0.07031	1.990	
7	7.04688	7.09375	0.06250	0.07031	2.010	
7	7.09375	7.14062	0.07031	0.07812	2.006	
7	7.14062	7.18750	0.07031	0.07812	1.986	
7	7.09375	7.14062	0.06250	0.07031	3.683	
7	7.14062	7.18750	0.06250	0.07031	2.020	
7	7.18750	7.23438	0.08594	0.09375	1.995	
7	7.23438	7.28125	0.08594	0.09375	3.947	
7	7.18750	7.23438	0.07812	0.08594	1.984	
7	7.23438	7.28125	0.07812	0.08594	6.547	
7	7.28125	7.32812	0.08594	0.09375	11.567	
7	7.32812	7.37500	0.08594	0.09375	28.736	
7	7.28125	7.32812	0.07812	0.08594	20.612	
7	7.32812	7.37500	0.07812	0.08594	1.940	
7	7.18750	7.23438	0.07031	0.07812	2.020	
7	7.23438	7.28125	0.07031	0.07812	1.515	
7	7.18750	7.23438	0.06250	0.07031	2.094	
7	7.23438	7.28125	0.06250	0.07031	2.017	
7	7.28125	7.32812	0.07031	0.07812	15.541	
7	7.32812	7.37500	0.07031	0.07812	2.065	
7	7.28125	7.32812	0.06250	0.07031	13.807	
7	7.32812	7.37500	0.06250	0.07031	2.370	
7	7.37500	7.42188	0.11719	0.12500	60.446	
7	7.42188	7.46875	0.11719	0.12500	47.193	
7	7.37500	7.42188	0.10938	0.11719	27.211	
7	7.42188	7.46875	0.10938	0.11719	32.395	
7	7.46875	7.51562	0.11719	0.12500	31.910	
7	7.51562	7.56250	0.11719	0.12500	1.996	
7	7.46875	7.51562	0.10938	0.11719	26.886	
7	7.51562	7.56250	0.10938	0.11719	2.069	
7	7.37500	7.42188	0.10156	0.10938	34.211	
7	7.42188	7.46875	0.10156	0.10938	21.836	
7	7.37500	7.42188	0.09375	0.10156	6.174	
7	7.42188	7.46875	0.09375	0.10156	11.506	
7	7.46875	7.51562	0.10156	0.10938	27.434	
7	7.51562	7.56250	0.10156	0.10938	2.008	
7	7.46875	7.51562	0.09375	0.10156	1.967	
7	7.51562	7.56250	0.09375	0.10156	1.967	
7	7.56250	7.60938	0.11719	0.12500	12.784	
7	7.60938	7.65625	0.11719	0.12500	9.994	
7	7.56250	7.60938	0.10938	0.11719	2.049	
7	7.60938	7.65625	0.10938	0.11719	11.553	
7	7.65625	7.70312	0.11719	0.12500	15.564	
7	7.70312	7.75000	0.11719	0.12500	2.035	
7	7.65625	7.70312	0.10938	0.11719	9.495	
7	7.70312	7.75000	0.10938	0.11719	1.798	
7	7.56250	7.60938	0.10156	0.10938	1.982	
7	7.60938	7.65625	0.10156	0.10938	8.391	
7	7.56250	7.60938	0.09375	0.10156	2.012	
7	7.60938	7.65625	0.09375	0.10156	1.906	
7	7.65625	7.70312	0.10156	0.10938	2.011	
7	7.70312	7.75000	0.10156	0.10938	2.062	
7	7.65625	7.70312	0.09375	0.10156	3.687	
7	7.70312	7.75000	0.09375	0.10156	1.971	
7	7.37500	7.42188	0.08594	0.09375	2.118	
7	7.42188	7.46875	0.08594	0.09375	2.384	
7	7.37500	7.42188	0.07812	0.08594	2.164	
7	7.42188	7.46875	0.07812	0.08594	1.999	
7	7.46875	7.51562	0.08594	0.09375	22.673	
7	7.51562	7.56250	0.08594	0.09375	2.032	
7	7.46875	7.51562	0.07812	0.08594	1.999	
7	7.51562	7.56250	0.07812	0.08594	1.985	
7	7.37500	7.42188	0.07031	0.07812	2.005	
7	7.42188	7.46875	0.07031	0.07812	1.957	
7	7.37500	7.42188	0.06250	0.07031	1.546	
7	7.42188	7.46875	0.06250	0.07031	2.107	
6	7.46875	7.56250	0.06250	0.07812	1.998	
6	7.56250	7.65625	0.07812	0.09375	1.887	
7	7.65625	7.70312	0.08594	0.09375	1.669	
7	7.70312	7.75000	0.08594	0.09375	1.912	
7	7.65625	7.70312	0.07812	0.08594	1.911	
7	7.70312	7.75000	0.07812	0.08594	1.943	
6	7.56250	7.65625	0.06250	0.07812	1.831	
6	7.65625	7.75000	0.06250	0.07812	2.010	
6	7.00000	7.09375	0.04688	0.06250	2.193	
6	7.09375	7.18750	0.04688	0.06250	1.986	
6	7.00000	7.09375	0.03125	0.04688	2.056	
6	7.09375	7.18750	0.03125	0.04688	2.021	
7	7.18750	7.23438	0.05469	0.06250	1.728	
7	7.23438	7.28125	0.05469	0.06250	2.002	
7	7.18750	7.23438	0.04688	0.05469	2.015	
7	7.23438	7.28125	0.04688	0.05469	2.581	
7	7.28125	7.32812	0.05469	0.06250	2.351	
7	7.32812	7.37500	0.05469	0.06250	2.101	
7	7.28125	7.32812	0.04688	0.05469	1.953	
7	7.32812	7.37500	0.04688	0.05469	2.015	
7	7.18750	7.23438	0.03906	0.04688	1.940	
7	7.23438	7.28125	0.03906	0.04688	1.766	
7	7.18750	7.23438	0.03125	0.03906	2.003	
7	7.23438	7.28125	0.03125	0.03906	2.000	
6	7.28125	7.37500	0.03125	0.04688	1.596	
5	7.00000	7.18750	0.00000	0.03125	1.973	
5	7.18750	7.37500	0.00000	0.03125	1.997	
4	7.37500	7.75000	0.00000	0.06250	2.007	
7	7.75000	7.79688	0.11719	0.12500	4.775	
7	7.79688	7.84375	0.11719	0.12500	2.008	
7	7.75000	7.79688	0.10938	0.11719	3.592	
7	7.79688	7.84375	0.10938	0.11719	2.255	
6	7.84375	7.93750	0.10938	0.12500	2.021	
7	7.75000	7.79688	0.10156	0.10938	2.130	
7	7.79688	7.84375	0.10156	0.10938	2.003	
7	7.75000	7.79688	0.09375	0.10156	2.012	
7	7.79688	7.84375	0.09375	0.10156	2.079	
6	7.84375	7.93750	0.09375	0.10938	2.021	
6	7.93750	8.03125	0.10938	0.12500	2.033	
6	8.03125	8.12500	0.10938	0.12500	2.005	
6	7.93750	8.03125	0.09375	0.10938	2.023	
6	8.03125	8.12500	0.09375	0.10938	1.982	
5	7.75000	7.93750	0.06250	0.09375	2.085	
5	7.93750	8.12500	0.06250	0.09375	2.283	
4	8.12500	8.50000	0.06250	0.12500	2.016	
4	7.75000	8.12500	0.00000	0.06250	2.007	
4	8.12500	8.50000	0.00000	0.06250	2.010	
7	8.50000	8.54688	0.24219	0.25000	2.349	
7	8.54688	8.59375	0.24219	0.25000	8.111	
7	8.50000	8.54688	0.23438	0.24219	2.574	
7	8.54688	8.59375	0.23438	0.24219	2.608	
7	8.59375	8.64062	0.24219	0.25000	4.840	
7	8.64062	8.68750	0.24219	0.25000	4.602	
7	8.59375	8.64062	0.23438	0.24219	2.618	
7	8.64062	8.68750	0.23438	0.24219	2.132	
7	8.50000	8.54688	0.22656	0.23438	1.875	
7	8.54688	8.59375	0.22656	0.23438	5.844	
7	8.50000	8.54688	0.21875	0.22656	2.018	
7	8.54688	8.59375	0.21875	0.22656	1.490	
7	8.59375	8.64062	0.22656	0.23438	2.015	
7	8.64062	8.68750	0.22656	0.23438	5.878	
7	8.59375	8.64062	0.21875	0.22656	2.077	
7	8.64062	8.68750	0.21875	0.22656	1.977	
7	8.68750	8.73438	0.24219	0.25000	45.097	
7	8.73438	8.78125	0.24219	0.25000	2.023	
7	8.68750	8.73438	0.23438	0.24219	4.231	
7	8.73438	8.78125	0.23438	0.24219	9.496	
7	8.78125	8.82812	0.24219	0.25000	25.654	
7	8.82812	8.87500	0.24219	0.25000	38.403	
7	8.78125	8.82812	0.23438	0.24219	4.868	
7	8.82812	8.87500	0.23438	0.24219	14.574	
7	8.68750	8.73438	0.22656	0.23438	2.079	
7	8.73438	8.78125	0.22656	0.23438	2.012	
7	8.68750	8.73438	0.21875	0.22656	1.939	
7	8.73438	8.78125	0.21875	0.22656	31.902	
7	8.78125	8.82812	0.22656	0.23438	7.686	
7	8.82812	8.87500	0.22656	0.23438	2.641	
7	8.78125	8.82812	0.21875	0.22656	5.638	
7	8.82812	8.87500	0.21875	0.22656	26.917	
7	8.50000	8.54688	0.21094	0.21875	1.988	
7	8.54688	8.59375	0.21094	0.21875	1.980	
7	8.50000	8.54688	0.20312	0.21094	1.990	
7	8.54688	8.59375	0.20312	0.21094	1.984	
7	8.59375	8.64062	0.21094	0.21875	2.013	
7	8.64062	8.68750	0.21094	0.21875	1.973	
7	8.59375	8.64062	0.20312	0.21094	1.991	
7	8.64062	8.68750	0.20312	0.21094	2.104	
7	8.50000	8.54688	0.19531	0.20312	1.922	
7	8.54688	8.59375	0.19531	0.20312	2.142	
7	8.50000	8.54688	0.18750	0.19531	2.015	
7	8.54688	8.59375	0.18750	0.19531	2.007	
6	8.59375	8.68750	0.18750	0.20312	2.002	
7	8.68750	8.73438	0.21094	0.21875	4.564	
7	8.73438	8.78125	0.21094	0.21875	2.017	
7	8.68750	8.73438	0.20312	0.21094	1.995	
7	8.73438	8.78125	0.20312	0.21094	2.008	
7	8.78125	8.82812	0.21094	0.21875	6.609	
7	8.82812	8.87500	0.21094	0.21875	6.950	
7	8.78125	8.82812	0.20312	0.21094	10.136	
7	8.82812	8.87500	0.20312	0.21094	3.878	
7	8.68750	8.73438	0.19531	0.20312	1.978	
7	8.73438	8.78125	0.19531	0.20312	1.822	
7	8.68750	8.73438	0.18750	0.19531	1.956	
7	8.73438	8.78125	0.18750	0.19531	1.909	
7	8.78125	8.82812	0.19531	0.20312	3.158	
7	8.82812	8.87500	0.19531	0.20312	4.024	
7	8.78125	8.82812	0.18750	0.19531	1.419	
7	8.82812	8.87500	0.18750	0.19531	3.245	
7	8.87500	8.92188	0.24219	0.25000	20.797	
7	8.92188	8.96875	0.24219	0.25000	9.773	
7	8.87500	8.92188	0.23438	0.24219	9.731	
7	8.92188	8.96875	0.23438	0.24219	28.178	
7	8.96875	9.01562	0.24219	0.25000	24.833	
7	9.01562	9.06250	0.24219	0.25000	12.236	
7	8.96875	9.01562	0.23438	0.24219	16.225	
7	9.01562	9.06250	0.23438	0.24219	15.235	
7	8.87500	8.92188	0.22656	0.23438	22.710	
7	8.92188	8.96875	0.22656	0.23438	11.596	
7	8.87500	8.92188	0.21875	0.22656	5.946	
7	8.92188	8.96875	0.21875	0.22656	1.968	
7	8.96875	9.01562	0.22656	0.23438	3.603	
7	9.01562	9.06250	0.22656	0.23438	1.947	
7	8.96875	9.01562	0.21875	0.22656	2.032	
7	9.01562	9.06250	0.21875	0.22656	19.118	
7	9.06250	9.10938	0.24219	0.25000	10.744	
7	9.10938	9.15625	0.24219	0.25000	1.937	
7	9.06250	9.10938	0.23438	0.24219	8.451	
7	9.10938	9.15625	0.23438	0.24219	2.044	
7	9.15625	9.20312	0.24219	0.25000	2.038	
7	9.20312	9.25000	0.24219	0.25000	1.979	
7	9.15625	9.20312	0.23438	0.24219	2.020	
7	9.20312	9.25000	0.23438	0.24219	2.103	
7	9.06250	9.10938	0.22656	0.23438	5.163	
7	9.10938	9.15625	0.22656	0.23438	2.040	
7	9.06250	9.10938	0.21875	0.22656	24.240	
7	9.10938	9.15625	0.21875	0.22656	3.121	
7	9.15625	9.20312	0.22656	0.23438	1.998	
7	9.20312	9.25000	0.22656	0.23438	1.976	
7	9.15625	9.20312	0.21875	0.22656	2.025	
7	9.20312	9.25000	0.21875	0.22656	2.352	
7	8.87500	8.92188	0.21094	0.21875	7.538	
7	8.92188	8.96875	0.21094	0.21875	2.022	
7	8.87500	8.92188	0.20312	0.21094	1.982	
7	8.92188	8.96875	0.20312	0.21094	2.016	
7	8.96875	9.01562	0.21094	0.21875	2.133	
7	9.01562	9.06250	0.21094	0.21875	1.974	
7	8.96875	9.01562	0.20312	0.21094	3.619	
7	9.01562	9.06250	0.20312	0.21094	1.792	
7	8.87500	8.92188	0.19531	0.20312	1.936	
7	8.92188	8.96875	0.19531	0.20312	1.973	
7	8.87500	8.92188	0.18750	0.19531	4.853	
7	8.92188	8.96875	0.18750	0.19531	1.972	
7	8.96875	9.01562	0.19531	0.20312	1.851	
7	9.01562	9.06250	0.19531	0.20312	2.019	
7	8.96875	9.01562	0.18750	0.19531	2.059	
7	9.01562	9.06250	0.18750	0.19531	2.041	
7	9.06250	9.10938	0.21094	0.21875	1.942	
7	9.10938	9.15625	0.21094	0.21875	2.007	
7	9.06250	9.10938	0.20312	0.21094	1.753	
7	9.10938	9.15625	0.20312	0.21094	2.036	
7	9.15625	9.20312	0.21094	0.21875	1.978	
7	9.20312	9.25000	0.21094	0.21875	1.927	
7	9.15625	9.20312	0.20312	0.21094	2.010	
7	9.20312	9.25000	0.20312	0.21094	4.661	
6	9.06250	9.15625	0.18750	0.20312	2.059	
7	9.15625	9.20312	0.19531	0.20312	1.865	
7	9.20312	9.25000	0.19531	0.20312	1.869	
7	9.15625	9.20312	0.18750	0.19531	2.007	
7	9.20312	9.25000	0.18750	0.19531	1.825	
6	8.50000	8.59375	0.17188	0.18750	2.001	
7	8.59375	8.64062	0.17969	0.18750	1.991	
7	8.64062	8.68750	0.17969	0.18750	2.016	
7	8.59375	8.64062	0.17188	0.17969	1.999	
7	8.64062	8.68750	0.17188	0.17969	2.995	
6	8.50000	8.59375	0.15625	0.17188	1.999	
7	8.59375	8.64062	0.16406	0.17188	1.997	
7	8.64062	8.68750	0.16406	0.17188	2.056	
7	8.59375	8.64062	0.15625	0.16406	1.993	
7	8.64062	8.68750	0.15625	0.16406	1.999	
7	8.68750	8.73438	0.17969	0.18750	1.796	
7	8.73438	8.78125	0.17969	0.18750	2.146	
7	8.68750	8.73438	0.17188	0.17969	4.019	
7	8.73438	8.78125	0.17188	0.17969	1.986	
7	8.78125	8.82812	0.17969	0.18750	0.933	
7	8.82812	8.87500	0.17969	0.18750	2.000	
7	8.78125	8.82812	0.17188	0.17969	1.702	
7	8.82812	8.87500	0.17188	0.17969	1.934	
7	8.68750	8.73438	0.16406	0.17188	1.991	
7	8.73438	8.78125	0.16406	0.17188	1.911	
7	8.68750	8.73438	0.15625	0.16406	2.314	
7	8.73438	8.78125	0.15625	0.16406	1.996	
6	8.78125	8.87500	0.15625	0.17188	1.972	
5	8.50000	8.68750	0.12500	0.15625	2.008	
5	8.68750	8.87500	0.12500	0.15625	1.997	
5	8.87500	9.06250	0.15625	0.18750	2.153	
5	9.06250	9.25000	0.15625	0.18750	1.998	
5	8.87500	9.06250	0.12500	0.15625	1.993	
5	9.06250	9.25000	0.12500	0.15625	2.004	
7	9.25000	9.29688	0.24219	0.25000	2.366	
7	9.29688	9.34375	0.24219	0.25000	5.452	
7	9.25000	9.29688	0.23438	0.24219	6.030	
7	9.29688	9.34375	0.23438	0.24219	3.682	
7	9.34375	9.39062	0.24219	0.25000	1.668	
7	9.39062	9.43750	0.24219	0.25000	1.912	
7	9.34375	9.39062	0.23438	0.24219	2.005	
7	9.39062	9.43750	0.23438	0.24219	1.975	
7	9.25000	9.29688	0.22656	0.23438	2.457	
7	9.29688	9.34375	0.22656	0.23438	1.970	
7	9.25000	9.29688	0.21875	0.22656	2.073	
7	9.29688	9.34375	0.21875	0.22656	2.002	
6	9.34375	9.43750	0.21875	0.23438	1.706	
5	9.43750	9.62500	0.21875	0.25000	1.996	
6	9.25000	9.34375	0.20312	0.21875	2.034	
6	9.34375	9.43750	0.20312	0.21875	2.007	
6	9.25000	9.34375	0.18750	0.20312	1.952	
6	9.34375	9.43750	0.18750	0.20312	1.998	
5	9.43750	9.62500	0.18750	0.21875	2.009	
6	9.62500	9.71875	0.23438	0.25000	2.020	
6	9.71875	9.81250	0.23438	0.25000	2.006	
6	9.62500	9.71875	0.21875	0.23438	2.016	
6	9.71875	9.81250	0.21875	0.23438	2.008	
5	9.81250	10.00000	0.21875	0.25000	2.032	
5	9.62500	9.81250	0.18750	0.21875	2.021	
5	9.81250	10.00000	0.18750	0.21875	2.030	
4	9.25000	9.62500	0.12500	0.18750	1.986	
4	9.62500	10.00000	0.12500	0.18750	2.014	
3	8.50000	9.25000	0.00000	0.12500	2.010	
3	9.25000	10.00000	0.00000	0.12500	2.016	
