# x 	 y 	 value
# Depth = 3, x = 0.00000 - 2.50000, y = 7.50000 - 10.00000
1.52483	9.43347	0	
1.94156	9.74872	1	
0.81815	8.16526	0	
0.20325	9.17901	1	
1.27265	8.49683	1	
2.32575	9.06135	1	
0.37197	8.59434	0	
0.83496	8.16562	0	
0.51580	7.57150	1	
1.38176	8.48632	1	
1.75608	9.09526	1	
2.17401	9.52653	0	
0.19277	9.10008	0	
1.00539	9.52129	0	
0.61430	7.61300	1	
1.89443	8.94731	1	
0.67584	9.47412	0	
0.41726	9.48347	0	
2.45004	7.64655	1	
0.02837	7.76670	0	
# Depth = 3, x = 2.50000 - 5.00000, y = 7.50000 - 10.00000
3.24235	8.22192	1	
3.96995	9.71220	1	
3.21812	9.00874	1	
2.80533	8.10019	0	
4.96787	8.77711	1	
2.86510	9.54837	0	
3.15662	9.49682	0	
4.07726	8.99053	1	
3.35926	7.77366	1	
4.63879	7.68288	0	
2.80814	9.15999	0	
4.71056	7.65412	1	
2.85036	8.56459	0	
3.13280	9.42572	1	
2.56004	8.85698	1	
2.81184	8.42126	1	
3.70628	7.92891	1	
3.43909	7.84409	0	
3.50346	9.57800	1	
3.84196	8.30814	1	
# Depth = 3, x = 0.00000 - 2.50000, y = 5.00000 - 7.50000
0.75636	6.35584	0	
0.27147	5.98189	1	
2.19453	6.20129	0	
2.28743	6.20259	0	
1.55332	6.75249	1	
0.22989	6.79831	1	
1.56710	5.33378	1	
1.07917	7.23209	1	
2.00246	5.53445	0	
2.17747	5.84998	1	
0.79658	6.70563	0	
1.71548	6.66540	1	
1.80683	7.16212	1	
0.93535	5.72911	0	
0.29241	5.70367	1	
0.34661	5.58966	0	
2.01411	5.39678	1	
2.01439	6.38633	1	
2.16096	7.34172	0	
0.45884	5.59397	0	
# Depth = 3, x = 2.50000 - 5.00000, y = 5.00000 - 7.50000
4.42574	7.34961	0	
3.11391	7.43752	0	
3.17375	7.04403	1	
4.42305	6.62796	0	
4.70108	5.01610	0	
3.82911	6.50141	0	
4.68230	6.74189	1	
4.03071	5.27655	1	
4.35358	5.33076	1	
4.17373	6.06891	1	
4.22220	5.60502	0	
2.58481	7.05571	0	
3.45745	6.64020	1	
3.65180	5.75865	0	
4.14164	6.64917	1	
3.13377	7.19339	0	
4.84953	5.51307	0	
3.35077	5.65238	1	
3.97555	5.83302	1	
3.33619	6.61104	1	
# Depth = 3, x = 5.00000 - 7.50000, y = 7.50000 - 10.00000
5.72268	9.62977	0	
6.16614	7.84576	1	
6.94083	7.60994	0	
5.14404	8.11716	1	
5.70012	9.96916	0	
7.25530	7.62560	1	
7.37991	9.54348	0	
6.97462	9.50291	1	
5.96102	8.08506	0	
6.80006	8.79541	0	
6.40369	8.27233	1	
5.50436	7.82105	0	
6.24361	9.30681	1	
5.13781	8.62050	0	
6.21221	8.36293	1	
6.99026	9.18696	1	
6.05786	9.99047	1	
6.15257	9.76563	1	
6.34514	8.39940	1	
7.28425	8.29250	0	
# Depth = 3, x = 7.50000 - 10.00000, y = 7.50000 - 10.00000
7.86706	7.67794	0	
9.85811	9.82836	1	
9.46429	9.90081	0	
7.86595	9.91433	0	
9.77940	8.59327	0	
8.55867	9.12286	0	
7.69726	9.53908	0	
8.13400	8.06160	0	
8.95347	9.58815	0	
8.99389	7.94261	1	
9.25797	9.05431	0	
8.10131	8.95092	1	
9.88699	9.68923	1	
8.70702	9.70170	1	
9.79930	7.71561	0	
7.62957	7.52415	0	
9.95666	9.68399	1	
9.57128	7.86786	1	
7.98278	7.51989	1	
8.32502	7.78151	0	
# Depth = 4, x = 5.00000 - 6.25000, y = 6.25000 - 7.50000
5.84808	7.07261	1	
5.37260	6.58214	0	
5.58914	6.54048	0	
5.39777	7.17780	0	
6.02920	7.08314	0	
5.57712	7.31682	0	
6.16883	7.08973	0	
5.56791	7.26818	0	
5.46281	6.38030	1	
5.23501	6.83774	1	
5.95274	6.40745	1	
5.79491	6.41610	1	
5.57406	6.75907	1	
6.18465	6.44209	0	
6.08359	6.46054	0	
5.81355	6.93349	0	
6.07851	6.77144	1	
5.58841	7.15969	1	
6.07959	6.49294	1	
5.35706	6.74329	0	
# Depth = 5, x = 6.25000 - 6.87500, y = 6.87500 - 7.50000
6.55701	7.13519	0	
6.25592	7.08458	1	
6.28289	7.30878	0	
6.59327	7.11741	1	
6.48315	7.35354	0	
6.60136	7.23457	1	
6.44635	7.27159	1	
6.54740	7.07379	0	
6.63461	7.33812	0	
6.38630	6.91940	0	
6.29643	7.05020	1	
6.79077	7.05311	1	
6.45567	7.27413	1	
6.29573	6.89611	0	
6.80176	7.07413	1	
6.51213	6.97893	0	
6.28704	7.00706	1	
6.32178	7.08317	0	
6.69330	7.07884	0	
6.64070	7.30184	0	
# Depth = 5, x = 6.87500 - 7.50000, y = 6.87500 - 7.50000
6.95898	7.23245	0	
7.32796	7.10782	0	
7.15858	7.39005	1	
7.34042	7.34224	1	
7.10450	7.38226	0	
7.40849	7.19036	1	
7.08865	6.99406	1	
7.10932	7.21104	0	
7.19183	7.29942	1	
7.40109	6.89520	0	
7.32192	7.23074	0	
7.39805	6.97486	1	
7.08332	7.08170	0	
7.39566	7.42487	1	
7.14552	7.34679	0	
6.94128	7.37086	0	
7.44578	7.40126	0	
6.92214	7.06455	1	
6.89614	7.23482	0	
7.17911	6.91333	1	
# Depth = 5, x = 6.25000 - 6.87500, y = 6.25000 - 6.87500
6.44487	6.82191	0	
6.64376	6.83245	1	
6.79011	6.56803	0	
6.53324	6.61581	1	
6.42701	6.57529	0	
6.53854	6.75610	0	
6.86365	6.66008	1	
6.63433	6.70940	0	
6.45798	6.68936	1	
6.37232	6.40339	0	
6.42065	6.44880	1	
6.59570	6.83332	1	
6.81401	6.82722	1	
6.47207	6.72983	1	
6.67692	6.66557	1	
6.73613	6.51918	1	
6.53288	6.28419	1	
6.80291	6.60164	0	
6.77543	6.80286	1	
6.62359	6.33887	0	
# Depth = 5, x = 6.87500 - 7.50000, y = 6.25000 - 6.87500
7.15787	6.45775	1	
6.90182	6.73741	0	
6.99130	6.66856	0	
7.12819	6.28145	1	
6.88979	6.33391	0	
7.29090	6.34892	1	
7.02345	6.30794	0	
7.43849	6.76593	1	
7.18392	6.58082	1	
7.00632	6.63519	1	
7.31603	6.34055	0	
7.32299	6.71330	1	
7.22919	6.71660	1	
7.48013	6.84273	1	
7.38924	6.53686	0	
7.36003	6.82296	0	
7.13386	6.31193	0	
6.92339	6.50414	0	
6.88709	6.83437	1	
7.06738	6.53817	1	
# Depth = 5, x = 5.00000 - 5.62500, y = 5.62500 - 6.25000
5.51775	5.74786	0	
5.17405	6.12621	0	
5.04350	5.75178	1	
5.27793	5.63227	1	
5.39619	5.93598	1	
5.55044	6.23046	0	
5.46063	5.65130	0	
5.12964	5.74766	0	
5.24934	5.80600	1	
5.13456	5.97512	1	
5.40700	5.70908	1	
5.45620	5.88480	1	
5.33550	6.23074	0	
5.54349	5.81019	0	
5.30071	6.10794	1	
5.60028	6.22181	1	
5.10815	6.16067	0	
5.00727	5.74359	0	
5.55799	5.90163	0	
5.61242	5.71137	1	
# Depth = 5, x = 5.62500 - 6.25000, y = 5.62500 - 6.25000
5.96567	6.13398	1	
5.68612	5.80483	0	
5.70700	5.97458	1	
5.97355	6.14898	0	
5.76872	6.05947	0	
6.18676	5.67948	1	
5.91751	5.87664	0	
5.66468	5.99400	1	
5.69420	5.89983	1	
5.79733	6.21273	0	
6.04815	5.66794	0	
6.03048	5.67830	0	
6.03402	5.74779	1	
5.99542	5.73622	1	
5.99179	5.96346	1	
6.10134	5.89797	1	
5.81096	6.19368	0	
5.65595	5.63702	1	
5.71164	6.03427	1	
5.82124	5.70701	1	
# Depth = 6, x = 5.00000 - 5.31250, y = 5.31250 - 5.62500
5.29815	5.56511	0	
5.15350	5.43867	0	
5.28250	5.32492	0	
5.02598	5.40756	0	
5.09680	5.45684	1	
5.17017	5.51912	1	
5.17240	5.56529	0	
5.12462	5.32902	0	
5.08666	5.42259	1	
5.25370	5.40729	0	
5.29937	5.53122	1	
5.07046	5.49045	1	
5.21826	5.48356	0	
5.07405	5.52743	0	
5.22723	5.31653	0	
5.28490	5.39029	1	
5.22790	5.33869	0	
5.21283	5.55516	1	
5.12248	5.57940	0	
5.08391	5.53836	0	
# Depth = 6, x = 5.31250 - 5.62500, y = 5.31250 - 5.62500
5.56049	5.54141	1	
5.50452	5.50430	1	
5.42198	5.43128	0	
5.36787	5.40933	1	
5.43311	5.49181	0	
5.44224	5.37250	0	
5.48998	5.48196	0	
5.37037	5.36505	0	
5.45882	5.38650	1	
5.33486	5.61761	1	
5.37752	5.61573	1	
5.51455	5.33364	1	
5.60144	5.33808	0	
5.48431	5.49976	0	
5.44138	5.58199	1	
5.42499	5.54039	0	
5.61682	5.35702	0	
5.49825	5.51644	1	
5.62193	5.39858	0	
5.48570	5.35047	1	
# Depth = 6, x = 5.00000 - 5.31250, y = 5.00000 - 5.31250
5.25244	5.06277	1	
5.20722	5.14030	0	
5.14984	5.12147	0	
5.01212	5.09964	0	
5.00897	5.01275	0	
5.15784	5.04312	1	
5.01840	5.10932	1	
5.04444	5.27960	1	
5.00839	5.29960	1	
5.30907	5.13832	1	
5.24321	5.02911	1	
5.15821	5.30195	1	
5.13181	5.04531	1	
5.28391	5.04739	0	
5.00136	5.15636	0	
5.18348	5.02772	0	
5.14942	5.21481	0	
5.26676	5.24874	0	
5.22380	5.26612	0	
5.16820	5.12850	0	
# Depth = 6, x = 5.31250 - 5.62500, y = 5.00000 - 5.31250
5.56897	5.07831	1	
5.39196	5.28756	0	
5.39193	5.21118	1	
5.52380	5.01891	1	
5.42778	5.22450	1	
5.37436	5.16938	0	
5.37693	5.29007	1	
5.58236	5.24765	0	
5.52567	5.10695	1	
5.52184	5.07480	1	
5.41731	5.22488	1	
5.47474	5.20117	1	
5.57298	5.17972	1	
5.40636	5.17086	0	
5.33067	5.08147	1	
5.47804	5.19255	1	
5.31512	5.24355	1	
5.39268	5.05823	1	
5.46943	5.08281	1	
5.57672	5.08237	0	
# Depth = 6, x = 5.62500 - 5.93750, y = 5.31250 - 5.62500
5.86551	5.38269	1	
5.74412	5.59950	1	
5.86197	5.31280	1	
5.88167	5.39355	0	
5.79274	5.47578	1	
5.75677	5.52784	0	
5.78193	5.39531	1	
5.89066	5.55709	1	
5.78814	5.50092	1	
5.65364	5.51070	0	
5.64301	5.32049	1	
5.83296	5.38919	0	
5.92363	5.42091	0	
5.84491	5.53081	1	
5.67426	5.51152	1	
5.62746	5.35754	1	
5.79371	5.32545	1	
5.91849	5.51328	0	
5.72934	5.51551	1	
5.66912	5.37674	0	
# Depth = 6, x = 5.93750 - 6.25000, y = 5.31250 - 5.62500
6.12331	5.41841	0	
6.06439	5.48609	0	
6.19774	5.46817	1	
6.20904	5.44771	1	
6.01261	5.55450	1	
6.00287	5.53259	0	
6.05662	5.52032	0	
6.18950	5.33111	1	
6.03524	5.61171	0	
6.23575	5.55930	0	
6.07194	5.43161	0	
6.24680	5.59616	1	
6.08064	5.54182	1	
6.09369	5.41247	0	
6.13533	5.59349	0	
6.01304	5.40020	0	
6.02877	5.45025	1	
5.99932	5.58933	1	
6.02701	5.57961	0	
6.09755	5.33448	1	
# Depth = 6, x = 5.62500 - 5.93750, y = 5.00000 - 5.31250
5.91398	5.18293	0	
5.81670	5.14812	1	
5.64925	5.25866	1	
5.87878	5.27942	1	
5.88397	5.23046	1	
5.70421	5.31018	1	
5.68321	5.10928	1	
5.87219	5.16386	1	
5.69502	5.14866	1	
5.73433	5.07161	0	
5.85708	5.09217	0	
5.77958	5.27857	1	
5.84092	5.01356	1	
5.68209	5.31013	1	
5.70525	5.12035	1	
5.63899	5.08558	1	
5.88408	5.09461	1	
5.85197	5.28248	1	
5.64947	5.01303	1	
5.83884	5.05106	1	
# Depth = 6, x = 5.93750 - 6.25000, y = 5.00000 - 5.31250
6.18573	5.30574	0	
5.96652	5.24579	1	
6.06763	5.18400	1	
6.00535	5.13039	0	
6.19184	5.29738	1	
6.18011	5.01092	0	
5.99807	5.24197	1	
6.23657	5.28434	0	
6.05761	5.06066	1	
6.05382	5.12854	1	
6.00959	5.11055	1	
6.12060	5.26253	0	
6.02217	5.18932	0	
6.12714	5.27698	1	
6.20639	5.15096	0	
6.21323	5.24744	1	
6.24284	5.13901	0	
6.16848	5.24608	1	
5.99716	5.23395	1	
5.95845	5.13307	1	
# Depth = 5, x = 6.25000 - 6.87500, y = 5.62500 - 6.25000
6.44450	5.72739	0	
6.74727	6.11042	1	
6.70488	5.86632	0	
6.33899	6.10857	1	
6.71529	5.82410	1	
6.38276	6.08498	1	
6.51190	5.66935	0	
6.75213	6.20285	1	
6.73764	5.65274	0	
6.29561	6.05113	1	
6.25921	6.14706	1	
6.86519	5.76803	0	
6.28569	5.80104	0	
6.51922	6.12929	1	
6.47054	6.23980	1	
6.77734	5.80512	1	
6.65593	5.85558	1	
6.52791	5.79911	0	
6.84197	5.81596	1	
6.26745	6.05045	1	
# Depth = 6, x = 6.87500 - 7.18750, y = 5.93750 - 6.25000
6.88423	6.06377	1	
6.95539	6.06280	1	
6.93492	6.21899	0	
6.90741	6.10417	0	
7.08215	5.99277	0	
7.07324	6.20189	1	
6.90229	6.09696	0	
7.04319	5.98431	1	
6.92759	6.07569	1	
7.13321	6.24039	0	
7.17823	6.23886	0	
7.11262	6.00801	0	
7.02834	6.20046	0	
7.18159	6.00151	0	
7.14718	6.06489	1	
6.89578	6.13667	0	
6.89663	6.02875	0	
7.12781	5.98887	0	
6.87970	5.96628	1	
6.91577	5.98911	1	
# Depth = 6, x = 7.18750 - 7.50000, y = 5.93750 - 6.25000
7.19892	6.03302	1	
7.49163	6.18684	0	
7.24286	5.94885	0	
7.44758	6.22273	1	
7.22689	6.00532	0	
7.27697	6.06547	0	
7.23354	6.20127	0	
7.42099	5.97142	0	
7.33832	5.95247	1	
7.30299	6.20803	0	
7.25461	6.08298	1	
7.39612	6.15152	1	
7.49772	6.14912	1	
7.43242	6.12342	1	
7.42626	6.22628	0	
7.33097	5.96908	1	
7.44630	6.18250	1	
7.31833	5.96755	1	
7.32474	6.23347	0	
7.35167	6.04804	1	
# Depth = 6, x = 6.87500 - 7.18750, y = 5.62500 - 5.93750
7.17763	5.92996	1	
7.12506	5.86274	1	
7.12298	5.65617	0	
6.88475	5.68630	0	
6.95785	5.86353	0	
7.08038	5.77886	0	
6.99839	5.93701	1	
7.11724	5.75725	0	
6.93681	5.80828	0	
7.06000	5.82071	0	
7.10581	5.87465	0	
6.95040	5.90863	0	
6.93271	5.86937	0	
7.01827	5.84935	0	
7.10825	5.82370	0	
7.06577	5.86125	1	
6.99597	5.73385	0	
7.06593	5.78789	0	
7.16476	5.91214	1	
6.97598	5.91353	0	
# Depth = 6, x = 7.18750 - 7.50000, y = 5.62500 - 5.93750
7.24743	5.70174	1	
7.33932	5.88388	1	
7.32758	5.78807	1	
7.44299	5.87628	1	
7.28845	5.68220	0	
7.25089	5.66681	1	
7.26145	5.62862	0	
7.36304	5.86518	1	
7.31583	5.69227	0	
7.22562	5.85641	1	
7.26134	5.73477	1	
7.44745	5.67273	1	
7.31485	5.91692	1	
7.35669	5.65579	1	
7.47855	5.64471	0	
7.40731	5.71519	0	
7.27748	5.93473	1	
7.28979	5.72160	1	
7.29065	5.84919	1	
7.39007	5.85009	1	
# Depth = 6, x = 6.25000 - 6.56250, y = 5.31250 - 5.62500
6.47474	5.52184	0	
6.49265	5.32157	0	
6.33468	5.57369	1	
6.25346	5.42162	1	
6.31275	5.53417	0	
6.45347	5.46240	0	
6.53184	5.40169	0	
6.27318	5.42988	1	
6.48812	5.41937	0	
6.48866	5.37585	1	
6.40774	5.33500	0	
6.51522	5.48128	1	
6.38262	5.42969	1	
6.32442	5.39705	1	
6.55359	5.49687	0	
6.35443	5.32918	0	
6.32343	5.60525	1	
6.45950	5.60425	1	
6.44197	5.58179	0	
6.26904	5.47917	1	
# Depth = 6, x = 6.56250 - 6.87500, y = 5.31250 - 5.62500
6.58839	5.54301	1	
6.83041	5.54208	1	
6.71732	5.45299	0	
6.77022	5.45493	0	
6.63962	5.40260	0	
6.82956	5.37379	0	
6.85005	5.56734	1	
6.61829	5.60034	1	
6.83873	5.57164	0	
6.65599	5.48952	1	
6.83002	5.44972	1	
6.60353	5.56564	1	
6.86574	5.45074	1	
6.61108	5.46990	1	
6.80181	5.37946	1	
6.59413	5.42630	0	
6.69594	5.37741	0	
6.63859	5.46781	0	
6.81415	5.59902	0	
6.74134	5.39200	0	
# Depth = 6, x = 6.25000 - 6.56250, y = 5.00000 - 5.31250
6.34229	5.19685	0	
6.36642	5.15018	0	
6.32600	5.26680	1	
6.31437	5.07895	0	
6.47721	5.23951	1	
6.34358	5.05811	0	
6.25953	5.15221	0	
6.42321	5.21509	0	
6.27107	5.11911	0	
6.32921	5.04129	1	
6.52723	5.25652	0	
6.52901	5.19604	0	
6.40321	5.11520	0	
6.39306	5.23665	0	
6.29186	5.23349	0	
6.35491	5.16569	1	
6.54436	5.16489	0	
6.29476	5.07973	0	
6.54261	5.19408	1	
6.46065	5.12568	0	
# Depth = 6, x = 6.56250 - 6.87500, y = 5.00000 - 5.31250
6.73311	5.17446	0	
6.61451	5.06371	1	
6.60582	5.16341	1	
6.62345	5.20251	1	
6.74818	5.05798	0	
6.79499	5.15513	0	
6.65232	5.15722	1	
6.65002	5.15581	0	
6.84903	5.21318	0	
6.76499	5.08055	1	
6.81591	5.09130	1	
6.74962	5.17430	0	
6.79574	5.16032	0	
6.58689	5.00991	1	
6.66405	5.26744	0	
6.66070	5.08041	0	
6.83489	5.02991	1	
6.60329	5.08365	0	
6.66443	5.19175	0	
6.62777	5.19876	1	
# Depth = 6, x = 6.87500 - 7.18750, y = 5.31250 - 5.62500
7.01234	5.56894	0	
7.04909	5.41452	0	
7.03060	5.43698	0	
7.07273	5.56473	1	
7.07257	5.33650	0	
7.07310	5.43968	0	
7.17111	5.61296	1	
7.02843	5.37763	1	
7.12333	5.59935	0	
7.01037	5.33211	1	
6.96961	5.45023	0	
6.94635	5.55495	1	
6.89211	5.50546	1	
7.00362	5.39859	1	
7.14925	5.45192	1	
6.96345	5.50603	0	
7.11655	5.42656	1	
7.03326	5.46388	0	
7.17965	5.61184	1	
6.88598	5.32212	0	
# Depth = 6, x = 7.18750 - 7.50000, y = 5.31250 - 5.62500
7.35068	5.52779	0	
7.35772	5.54979	0	
7.45387	5.40705	1	
7.37361	5.49091	1	
7.31527	5.43673	0	
7.41913	5.43604	0	
7.38458	5.35786	1	
7.41902	5.33610	1	
7.31742	5.62296	1	
7.24077	5.53718	0	
7.24601	5.48261	1	
7.28599	5.34057	1	
7.33180	5.51592	1	
7.38738	5.58911	0	
7.42705	5.33331	0	
7.36813	5.34214	1	
7.27685	5.41561	0	
7.35236	5.35428	0	
7.38779	5.56022	1	
7.44065	5.35262	1	
# Depth = 6, x = 6.87500 - 7.18750, y = 5.00000 - 5.31250
7.02525	5.26687	1	
7.05552	5.19678	0	
7.05375	5.05530	1	
6.87871	5.07316	1	
6.91666	5.16314	0	
6.98341	5.06064	1	
6.91741	5.09529	0	
6.96407	5.29144	0	
7.05028	5.01278	0	
6.92370	5.11433	0	
7.10700	5.04061	0	
7.10131	5.01962	1	
6.88328	5.20833	0	
6.96377	5.08591	0	
6.94974	5.06908	1	
6.89831	5.20820	1	
7.11148	5.05482	0	
6.88457	5.07346	1	
6.99517	5.04418	0	
6.92707	5.26519	1	
# Depth = 6, x = 7.18750 - 7.50000, y = 5.00000 - 5.31250
7.44998	5.13556	1	
7.33960	5.22414	0	
7.32771	5.08329	1	
7.48877	5.02653	0	
7.39744	5.05493	1	
7.31005	5.14271	1	
7.43031	5.12254	0	
7.44673	5.06576	1	
7.34016	5.09382	1	
7.20620	5.23065	0	
7.28296	5.04821	1	
7.26611	5.03507	1	
7.23748	5.08383	0	
7.25889	5.09040	0	
7.34716	5.07674	1	
7.29468	5.21508	0	
7.33269	5.04597	1	
7.21635	5.27783	1	
7.41264	5.20791	1	
7.19272	5.00704	1	
# Depth = 4, x = 7.50000 - 8.75000, y = 6.25000 - 7.50000
8.26010	6.44234	1	
8.67422	6.52000	0	
7.85693	7.34292	0	
7.89962	7.43695	0	
8.36275	6.25380	0	
8.20883	6.97573	1	
8.34053	7.28082	1	
7.78538	6.78516	1	
7.82662	7.13924	1	
8.62495	6.59115	1	
8.24005	6.26166	1	
8.54369	7.24029	0	
8.42649	6.56106	0	
8.37691	6.99878	0	
8.66500	6.72351	1	
7.51989	6.25791	1	
8.24698	7.27423	1	
8.18406	6.60764	0	
7.59284	7.04535	0	
8.59661	6.88697	0	
# Depth = 5, x = 8.75000 - 9.37500, y = 6.87500 - 7.50000
8.96667	7.21689	0	
8.82661	7.22755	1	
8.86574	7.15966	1	
9.07151	6.98545	0	
9.30702	6.90899	0	
9.14089	7.17600	0	
9.19067	7.21960	0	
8.98107	7.04244	1	
8.88143	7.28321	1	
9.24113	7.40073	1	
9.23531	7.09217	0	
9.04107	7.19375	0	
9.28790	6.93489	0	
9.27519	7.22800	1	
9.34549	7.00830	0	
8.91082	7.09743	0	
9.25849	7.11950	1	
8.77978	7.33741	0	
9.01778	7.45615	1	
8.76233	7.47381	0	
# Depth = 5, x = 9.37500 - 10.00000, y = 6.87500 - 7.50000
9.91580	6.90449	0	
9.76176	7.05459	0	
9.80159	7.00741	0	
9.71727	7.29206	1	
9.41478	7.35162	0	
9.67845	7.49118	0	
9.39526	7.03096	1	
9.71137	6.94749	0	
9.52907	6.94206	0	
9.69555	6.97456	1	
9.48109	7.12147	0	
9.45649	7.32244	1	
9.62873	7.34855	0	
9.37725	7.31159	0	
9.51669	7.09186	0	
9.71147	7.29595	0	
9.46140	7.17210	1	
9.97149	6.93218	0	
9.62468	7.19642	1	
9.93076	6.88782	1	
# Depth = 5, x = 8.75000 - 9.37500, y = 6.25000 - 6.87500
9.22520	6.65683	0	
9.10964	6.62437	1	
8.78343	6.33062	0	
9.11949	6.67931	0	
9.31328	6.62356	1	
8.95087	6.82290	1	
9.05778	6.70901	1	
9.24647	6.69449	1	
9.28708	6.27347	0	
9.35673	6.64496	0	
8.86079	6.32602	0	
8.97782	6.42272	1	
9.08722	6.63577	1	
9.12531	6.85416	1	
8.84222	6.65184	0	
8.89896	6.34529	1	
9.13853	6.50841	0	
8.84337	6.52912	1	
9.29280	6.38250	1	
9.37462	6.70384	1	
# Depth = 5, x = 9.37500 - 10.00000, y = 6.25000 - 6.87500
9.59822	6.76798	0	
9.91011	6.78123	0	
9.63530	6.73320	0	
9.88517	6.62788	1	
9.40223	6.35139	0	
9.75865	6.41011	0	
9.55562	6.54645	1	
9.55101	6.43399	0	
9.82691	6.30985	0	
9.58846	6.43673	0	
9.79588	6.66465	0	
9.47924	6.54618	1	
9.58672	6.65384	0	
9.60311	6.65432	1	
9.80818	6.66290	0	
9.76313	6.84417	1	
9.77717	6.56279	1	
9.50696	6.70591	1	
9.86175	6.41273	1	
9.96839	6.67960	1	
# Depth = 5, x = 7.50000 - 8.12500, y = 5.62500 - 6.25000
7.52981	5.94959	1	
7.72954	5.90268	0	
7.53484	5.70188	0	
8.12482	5.88692	0	
8.05802	6.05281	0	
7.93324	6.21243	0	
7.75503	5.96235	0	
7.98714	5.63092	1	
8.04035	5.78273	0	
7.99529	5.71526	1	
7.83249	6.18159	0	
7.67414	5.64556	1	
8.02751	5.88566	1	
7.97087	6.17071	0	
7.81351	5.97075	0	
7.81001	5.97262	1	
7.99945	5.65555	1	
7.77884	5.76304	0	
7.80640	5.89675	1	
7.70139	6.02768	1	
# Depth = 5, x = 8.12500 - 8.75000, y = 5.62500 - 6.25000
8.53774	6.06859	0	
8.62127	5.93490	0	
8.71014	5.80872	0	
8.38076	6.10527	1	
8.40547	5.75641	0	
8.40865	5.82515	1	
8.70156	5.62873	0	
8.15970	5.98178	1	
8.49209	6.15177	0	
8.43294	5.76257	0	
8.67732	5.72396	1	
8.12995	5.88559	0	
8.62534	6.21871	1	
8.44358	6.08605	0	
8.50410	6.08599	0	
8.48903	6.20876	0	
8.49316	6.05722	1	
8.66985	5.86556	1	
8.51024	5.94526	1	
8.63625	5.88485	1	
# Depth = 5, x = 7.50000 - 8.12500, y = 5.00000 - 5.62500
8.08402	5.09673	1	
7.89560	5.52098	0	
7.78376	5.04923	1	
7.90440	5.39738	1	
7.70399	5.47571	0	
7.75639	5.02373	0	
7.78178	5.05469	0	
7.80965	5.35504	0	
7.98325	5.10852	1	
7.68413	5.31396	0	
7.67480	5.20091	1	
7.59495	5.22263	0	
7.64923	5.05986	0	
7.96193	5.24529	1	
7.74609	5.15976	0	
8.09981	5.06495	0	
7.97828	5.13711	1	
7.87262	5.35320	1	
7.83432	5.40706	0	
7.71482	5.39596	1	
# Depth = 5, x = 8.12500 - 8.75000, y = 5.00000 - 5.62500
8.56051	5.54135	1	
8.25248	5.20154	0	
8.68479	5.16333	0	
8.19538	5.20838	1	
8.61977	5.31096	0	
8.31407	5.36334	0	
8.26358	5.40864	1	
8.26076	5.08990	1	
8.31066	5.35889	0	
8.45789	5.56032	1	
8.44641	5.36661	0	
8.58247	5.32075	1	
8.17231	5.55717	1	
8.56007	5.33149	0	
8.30821	5.18849	0	
8.17497	5.05388	0	
8.53868	5.39276	0	
8.53551	5.62191	1	
8.15794	5.49899	1	
8.31835	5.02351	1	
# Depth = 6, x = 8.75000 - 9.06250, y = 5.93750 - 6.25000
8.79331	6.15798	1	
8.76815	5.97868	1	
8.79962	5.96778	0	
8.92201	6.22174	1	
8.83148	5.94452	1	
8.95354	6.04369	0	
8.99933	6.23378	0	
8.90971	6.17654	1	
8.89611	6.15643	1	
8.98555	6.10513	1	
8.80508	6.11197	1	
8.88352	6.14697	0	
8.76755	6.12562	1	
8.91444	6.21450	1	
8.97714	6.21308	1	
8.99479	6.04135	0	
8.98755	5.95420	0	
9.03301	6.16478	1	
9.05691	6.23619	0	
8.82496	6.16072	1	
# Depth = 6, x = 9.06250 - 9.37500, y = 5.93750 - 6.25000
9.31392	6.23590	1	
9.28916	6.12995	0	
9.26851	6.23505	1	
9.10930	6.09382	0	
9.28674	6.06862	0	
9.34807	6.16130	0	
9.29498	6.04257	1	
9.06961	6.02324	0	
9.13868	6.09338	0	
9.31668	6.15133	1	
9.23929	5.97122	0	
9.12394	6.21269	0	
9.07363	5.97198	0	
9.33910	5.97380	1	
9.22573	5.96339	0	
9.23495	6.13650	0	
9.17212	5.97749	1	
9.35988	5.96780	0	
9.21308	6.23460	0	
9.17444	6.06671	1	
# Depth = 6, x = 8.75000 - 9.06250, y = 5.62500 - 5.93750
8.92662	5.81205	1	
8.86331	5.76956	0	
8.93184	5.83050	0	
8.79589	5.86694	1	
8.93263	5.71978	1	
8.99779	5.76140	0	
8.98295	5.90740	1	
8.93481	5.90611	1	
8.82627	5.70780	0	
9.00908	5.66874	0	
8.94347	5.63268	1	
8.99841	5.66431	0	
9.04065	5.89486	0	
9.04797	5.76118	0	
8.87112	5.78036	1	
8.75995	5.65134	0	
8.85274	5.77413	1	
8.93593	5.90973	1	
8.92020	5.74747	0	
8.89123	5.88788	1	
# Depth = 6, x = 9.06250 - 9.37500, y = 5.62500 - 5.93750
9.31982	5.73577	1	
9.21495	5.67288	1	
9.13602	5.70388	1	
9.12971	5.84571	0	
9.29446	5.73347	0	
9.27697	5.87019	1	
9.23624	5.82912	0	
9.34056	5.88552	1	
9.30726	5.63295	1	
9.37172	5.86149	0	
9.27108	5.84031	0	
9.16478	5.78777	0	
9.07835	5.71681	1	
9.15166	5.75869	0	
9.25881	5.84758	1	
9.20318	5.89663	1	
9.15556	5.65313	1	
9.24802	5.92932	0	
9.18773	5.66363	1	
9.06640	5.86289	0	
# Depth = 6, x = 9.37500 - 9.68750, y = 5.93750 - 6.25000
9.50656	6.18397	0	
9.60124	6.07764	1	
9.47875	5.97057	0	
9.52926	6.17238	1	
9.52989	6.21728	1	
9.39003	6.13542	0	
9.46943	6.00384	0	
9.40153	6.22925	1	
9.55324	6.20894	0	
9.62699	6.13807	1	
9.47391	5.99790	1	
9.62433	6.12514	1	
9.65004	6.14919	1	
9.60552	6.24887	0	
9.41131	6.17793	0	
9.48769	6.14700	1	
9.51061	5.94326	1	
9.62492	6.08541	1	
9.65350	6.07562	1	
9.58860	6.04258	1	
# Depth = 6, x = 9.68750 - 10.00000, y = 5.93750 - 6.25000
9.76274	6.11129	0	
9.88445	5.95587	1	
9.91095	5.97178	1	
9.96681	6.20398	0	
9.74495	6.01035	1	
9.77628	6.13599	1	
9.68821	6.09499	1	
9.98750	6.15658	1	
9.87664	6.09767	1	
9.99145	6.21899	0	
9.88986	6.08427	0	
9.73372	6.03199	1	
9.90271	6.19963	1	
9.90153	6.17535	0	
9.72913	6.09135	0	
9.99064	6.13124	0	
9.89833	6.23215	0	
9.87030	6.23594	1	
9.79459	5.94976	1	
9.96006	6.18576	0	
# Depth = 6, x = 9.37500 - 9.68750, y = 5.62500 - 5.93750
9.38767	5.70372	0	
9.63157	5.88377	0	
9.59983	5.92266	1	
9.42644	5.78267	1	
9.37961	5.64568	0	
9.46250	5.65287	0	
9.61671	5.71026	1	
9.53116	5.69002	0	
9.62950	5.74045	0	
9.45651	5.74180	1	
9.44518	5.72836	0	
9.65437	5.86477	0	
9.56307	5.71882	1	
9.47994	5.82604	1	
9.65211	5.83978	0	
9.55008	5.92334	0	
9.61165	5.68769	0	
9.40528	5.73379	1	
9.41343	5.77426	1	
9.59591	5.68508	1	
# Depth = 6, x = 9.68750 - 10.00000, y = 5.62500 - 5.93750
9.89620	5.79345	1	
9.92045	5.85145	1	
9.87986	5.63915	0	
9.72664	5.82583	0	
9.94579	5.62840	0	
9.68784	5.78285	0	
9.83796	5.65286	0	
9.76618	5.74431	1	
9.89716	5.66459	1	
9.84127	5.86616	0	
9.73411	5.92009	1	
9.76105	5.69361	1	
9.86073	5.77371	1	
9.93011	5.75648	1	
9.78898	5.68925	0	
9.81144	5.88684	0	
9.78739	5.75665	0	
9.73840	5.67024	1	
9.75475	5.79059	1	
9.95478	5.67808	0	
# Depth = 5, x = 8.75000 - 9.37500, y = 5.00000 - 5.62500
8.97771	5.02287	1	
9.00940	5.36391	1	
8.75008	5.16818	0	
9.18109	5.09260	1	
9.07174	5.50331	0	
8.97198	5.05504	1	
8.85623	5.28692	0	
9.27839	5.38972	0	
8.76983	5.13335	0	
8.85376	5.59593	0	
9.22508	5.11261	0	
8.90956	5.22235	1	
8.98379	5.03743	1	
8.81063	5.03129	1	
9.32504	5.14576	1	
9.07833	5.46735	1	
8.85452	5.55864	1	
9.30616	5.61417	1	
9.13323	5.22018	0	
8.88713	5.03699	1	
# Depth = 5, x = 9.37500 - 10.00000, y = 5.00000 - 5.62500
9.38647	5.57275	0	
9.53700	5.47182	0	
9.89441	5.15663	1	
9.89167	5.43890	1	
9.59177	5.11012	0	
9.84990	5.07639	0	
9.40643	5.15319	1	
9.63446	5.61040	1	
9.94198	5.03522	1	
9.59387	5.41976	0	
9.73908	5.04344	0	
9.73939	5.22045	0	
9.38503	5.11498	1	
9.99087	5.10247	0	
9.78869	5.04024	1	
9.76386	5.32603	0	
9.64765	5.00698	1	
9.68179	5.44370	1	
9.69736	5.51915	0	
9.92045	5.44596	0	
# Depth = 4, x = 0.00000 - 1.25000, y = 3.75000 - 5.00000
0.93817	4.97390	1	
0.70258	3.94455	0	
0.06963	4.46582	0	
0.38773	4.39374	0	
1.21008	4.73718	1	
0.67270	4.35607	1	
1.03758	4.26744	0	
0.02656	4.31437	1	
0.67027	3.78131	0	
0.78110	4.18933	1	
1.05812	4.19667	0	
0.32585	4.75941	0	
1.02395	4.91308	1	
0.43734	4.31532	0	
0.10947	4.55578	1	
0.20317	4.78221	0	
0.07353	3.95659	0	
0.34644	4.13507	1	
0.02284	4.58455	1	
0.34036	4.75779	1	
# Depth = 5, x = 1.25000 - 1.87500, y = 4.37500 - 5.00000
1.40703	4.57848	0	
1.36343	4.71661	0	
1.80543	4.66620	1	
1.54149	4.53799	1	
1.40329	4.89672	1	
1.78948	4.77335	0	
1.81424	4.68965	1	
1.42005	4.91062	1	
1.76927	4.37605	1	
1.48047	4.83001	1	
1.38408	4.55667	1	
1.51007	4.86543	1	
1.43087	4.92995	1	
1.26244	4.76920	1	
1.49118	4.99832	0	
1.64895	4.94847	1	
1.55128	4.99035	0	
1.87017	4.57370	1	
1.58069	4.98586	0	
1.65838	4.57904	1	
# Depth = 5, x = 1.87500 - 2.50000, y = 4.37500 - 5.00000
2.16413	4.90279	1	
2.30167	4.50969	1	
2.42274	4.46801	1	
2.31466	4.77395	0	
1.92846	4.88863	1	
2.41965	4.56174	1	
2.05259	4.41374	0	
2.22863	4.57865	0	
2.24638	4.82718	0	
2.39222	4.40689	0	
2.25785	4.78917	1	
2.42132	4.91396	0	
2.27464	4.78136	0	
2.24569	4.73941	0	
2.47782	4.78674	1	
2.34055	4.81084	1	
2.49701	4.43058	1	
2.16212	4.39351	1	
2.37202	4.93905	1	
2.39617	4.50391	1	
# Depth = 5, x = 1.25000 - 1.87500, y = 3.75000 - 4.37500
1.79027	4.10270	1	
1.59825	3.82165	0	
1.72799	3.87796	1	
1.75282	3.87310	1	
1.49946	3.82247	1	
1.38827	3.85372	0	
1.35599	4.29842	0	
1.55767	4.34890	0	
1.82649	4.14121	0	
1.66531	3.83212	1	
1.57173	4.16226	0	
1.32314	4.02348	1	
1.51231	3.92984	1	
1.27788	4.01273	0	
1.58427	3.88866	1	
1.81648	4.00275	1	
1.35813	4.04961	0	
1.62816	4.23236	1	
1.35623	4.14059	0	
1.74617	4.03658	0	
# Depth = 5, x = 1.87500 - 2.50000, y = 3.75000 - 4.37500
2.36470	4.11166	0	
2.37104	4.31392	0	
2.05123	4.04334	0	
2.30717	3.83645	1	
2.43717	4.28874	0	
2.07216	3.75235	0	
2.02559	3.90032	0	
2.27468	3.87792	1	
2.30746	4.33338	0	
2.48537	3.99303	1	
2.03249	4.12576	1	
2.46614	4.10976	1	
2.47641	4.23822	0	
2.28306	4.13307	0	
1.92724	3.90382	1	
1.92907	4.08217	1	
1.92803	4.06367	0	
1.92775	4.03082	1	
2.40567	4.12328	1	
2.49051	4.22644	1	
# Depth = 4, x = 0.00000 - 1.25000, y = 2.50000 - 3.75000
0.55628	2.76701	0	
0.47297	3.19608	1	
0.25869	3.48044	1	
0.21621	3.14051	0	
0.04095	3.48961	0	
0.23987	2.65869	0	
0.35654	3.44398	0	
0.35503	3.19619	1	
1.03340	3.16058	0	
0.18439	2.77874	0	
0.73484	3.50120	1	
0.72140	2.58959	0	
1.04635	3.45071	1	
0.35348	3.07967	0	
0.84105	2.78703	1	
0.37933	3.11692	0	
1.15171	2.50657	0	
0.73219	3.38951	1	
0.78999	2.73130	1	
0.29361	2.87518	1	
# Depth = 5, x = 1.25000 - 1.87500, y = 3.12500 - 3.75000
1.31629	3.22421	0	
1.74109	3.32543	0	
1.53924	3.24195	0	
1.56775	3.13209	0	
1.35781	3.66767	1	
1.30163	3.31687	1	
1.64119	3.40556	0	
1.82848	3.36366	1	
1.38659	3.74739	1	
1.61543	3.39814	0	
1.51123	3.66739	0	
1.73052	3.66768	1	
1.26652	3.21837	1	
1.37630	3.54933	1	
1.48525	3.51352	0	
1.70505	3.26882	1	
1.53901	3.24937	0	
1.62575	3.64708	0	
1.66998	3.33888	1	
1.61764	3.55589	1	
# Depth = 5, x = 1.87500 - 2.50000, y = 3.12500 - 3.75000
2.46758	3.43698	0	
1.88616	3.16120	0	
1.96970	3.27550	0	
2.43212	3.52806	0	
1.94923	3.29123	0	
2.38008	3.60931	1	
2.18744	3.16284	0	
1.89284	3.36271	0	
2.37856	3.69197	0	
2.20971	3.55537	1	
2.36261	3.19658	1	
2.32960	3.56032	1	
2.32715	3.65025	1	
2.30694	3.66517	1	
2.13882	3.32455	1	
2.30049	3.52575	0	
1.87552	3.19293	0	
2.20618	3.23054	1	
2.32396	3.37887	0	
2.48414	3.39403	1	
# Depth = 5, x = 1.25000 - 1.87500, y = 2.50000 - 3.12500
1.37852	2.69591	0	
1.42277	2.70635	0	
1.40597	2.54706	0	
1.77789	2.70340	0	
1.39190	2.89522	1	
1.36049	3.08951	0	
1.66988	2.64243	1	
1.64499	2.99822	1	
1.59151	3.03186	0	
1.73756	2.96060	0	
1.76045	2.69272	1	
1.33277	3.03475	1	
1.54856	3.05814	0	
1.29463	2.66589	0	
1.60766	2.79251	0	
1.61618	2.57092	0	
1.55615	2.55305	1	
1.26068	2.68769	0	
1.59826	2.64284	0	
1.62030	2.77315	1	
# Depth = 5, x = 1.87500 - 2.50000, y = 2.50000 - 3.12500
2.18756	2.60742	1	
2.48615	2.90264	1	
2.17533	2.72684	0	
2.18019	2.79116	0	
2.38643	2.63377	1	
2.49074	2.97280	1	
2.39734	2.64087	1	
2.37707	3.05381	0	
2.23591	2.96390	0	
2.03965	2.88343	0	
2.10637	2.68105	0	
2.40603	2.78268	0	
2.49538	2.82577	0	
1.94546	3.06501	0	
1.93341	2.58979	1	
2.27614	2.64892	0	
2.15780	2.85004	1	
2.28331	2.75073	0	
2.27202	2.80985	0	
2.45637	2.78675	1	
# Depth = 5, x = 2.50000 - 3.12500, y = 4.37500 - 5.00000
2.81489	4.82825	0	
2.59720	4.95516	0	
2.99683	4.99048	0	
2.76770	4.72122	0	
3.11742	4.76602	1	
3.00070	4.93146	0	
2.52610	4.62231	1	
2.78818	4.42079	1	
3.03507	4.68119	1	
2.81411	4.51638	1	
3.02196	4.76219	0	
3.02312	4.57837	0	
3.02399	4.40643	0	
2.57732	4.99154	1	
2.91549	4.84268	1	
3.10081	4.88571	0	
2.68606	4.82104	0	
3.04347	4.39242	1	
3.03150	4.42966	1	
2.59622	4.86844	0	
# Depth = 5, x = 3.12500 - 3.75000, y = 4.37500 - 5.00000
3.24306	4.78258	1	
3.61595	4.79859	1	
3.12558	4.58210	1	
3.54423	4.90755	1	
3.20280	4.81545	0	
3.61047	4.52387	1	
3.18756	4.78027	0	
3.69017	4.59476	1	
3.56854	4.70711	1	
3.74098	4.77054	0	
3.21659	4.73591	0	
3.15286	4.60605	0	
3.37143	4.55548	1	
3.57922	4.98058	0	
3.61720	4.62037	1	
3.23859	4.85685	0	
3.15211	4.45542	1	
3.43132	4.52838	0	
3.50997	4.68309	1	
3.74026	4.37935	0	
# Depth = 5, x = 2.50000 - 3.12500, y = 3.75000 - 4.37500
2.94386	3.81665	1	
2.83063	4.17642	0	
2.71530	4.17779	0	
2.58518	4.34719	0	
3.01786	3.76321	0	
2.99616	4.20853	0	
2.81992	4.07963	0	
2.93299	3.94367	0	
2.99335	3.93524	1	
2.63783	4.05850	1	
2.50541	4.19571	0	
2.63672	4.06187	1	
2.94455	4.36757	1	
2.98481	4.16893	1	
2.92641	4.02606	0	
2.65791	4.27103	1	
2.90059	4.35290	1	
2.71983	4.27713	1	
3.12478	3.89985	0	
2.51386	4.08816	0	
# Depth = 6, x = 3.12500 - 3.43750, y = 4.06250 - 4.37500
3.42936	4.34039	1	
3.22094	4.37093	0	
3.34235	4.16858	1	
3.26223	4.20989	1	
3.36336	4.23047	1	
3.43620	4.31547	0	
3.17776	4.12009	0	
3.15273	4.07776	0	
3.20805	4.14763	0	
3.15268	4.24982	0	
3.25981	4.33190	1	
3.26065	4.28401	1	
3.35682	4.07857	0	
3.27599	4.25744	1	
3.15489	4.25680	1	
3.30256	4.18246	1	
3.34776	4.14539	1	
3.17377	4.14480	1	
3.29213	4.17912	1	
3.30004	4.15893	0	
# Depth = 6, x = 3.43750 - 3.75000, y = 4.06250 - 4.37500
3.48854	4.22758	1	
3.51164	4.24636	1	
3.60286	4.34189	1	
3.71577	4.19898	1	
3.74582	4.11805	1	
3.52823	4.09634	1	
3.56291	4.36684	1	
3.54988	4.20308	0	
3.65181	4.24834	0	
3.48781	4.28290	1	
3.69836	4.11482	0	
3.65247	4.17510	1	
3.64775	4.28989	0	
3.73886	4.32347	0	
3.56407	4.19786	1	
3.66993	4.25596	1	
3.61748	4.19274	0	
3.53106	4.24975	1	
3.62309	4.23785	1	
3.48160	4.08488	0	
# Depth = 6, x = 3.12500 - 3.43750, y = 3.75000 - 4.06250
3.39857	3.84118	0	
3.41329	3.79371	1	
3.35286	3.87126	1	
3.40036	3.93010	1	
3.33562	3.91130	1	
3.38861	3.92957	1	
3.17038	4.04417	0	
3.22489	3.98783	0	
3.28784	3.92512	0	
3.39008	3.83093	1	
3.35479	4.04319	1	
3.18553	3.93487	0	
3.32970	3.79265	0	
3.17575	3.76196	0	
3.19425	3.98048	0	
3.36664	3.94316	0	
3.13650	3.82840	0	
3.32046	3.83096	0	
3.20325	3.84543	1	
3.33277	3.95852	0	
# Depth = 6, x = 3.43750 - 3.75000, y = 3.75000 - 4.06250
3.47944	3.96428	1	
3.46455	3.82117	0	
3.59670	3.77399	0	
3.71475	3.79441	0	
3.72566	3.77661	0	
3.51015	3.99484	1	
3.60863	3.85165	1	
3.69196	3.85252	1	
3.44743	3.84460	1	
3.53527	3.91024	0	
3.66062	3.93558	0	
3.59373	3.77187	1	
3.65313	4.02015	1	
3.71673	3.97071	1	
3.69600	3.89968	1	
3.43956	4.03673	1	
3.59442	4.00504	0	
3.62317	4.04017	0	
3.61784	3.79599	1	
3.64917	3.84076	0	
# Depth = 5, x = 3.75000 - 4.37500, y = 4.37500 - 5.00000
3.99006	4.63977	1	
4.10985	4.60815	1	
4.17146	4.59456	1	
3.90025	4.83641	0	
3.94126	4.54007	0	
4.35637	4.81285	0	
4.07905	4.69231	0	
4.12865	4.96562	0	
4.06644	4.84800	0	
3.76102	4.77731	1	
3.97999	4.64975	1	
4.29133	4.59313	1	
4.05079	4.90050	0	
4.34994	4.77321	1	
4.36059	4.76834	0	
4.05947	4.81718	0	
3.88307	4.63342	0	
4.21032	4.65868	1	
4.19892	4.99654	1	
4.12375	4.48050	1	
# Depth = 5, x = 4.37500 - 5.00000, y = 4.37500 - 5.00000
4.51467	4.42625	0	
4.90808	4.60460	0	
4.86125	4.68885	0	
4.69374	4.38310	0	
4.40931	4.85995	1	
4.65755	4.53960	1	
4.44224	4.49581	0	
4.53748	4.90843	1	
4.91671	4.65706	0	
4.39397	4.41945	0	
4.40428	4.62023	1	
4.65424	4.70675	1	
4.72374	4.44238	1	
4.55125	4.91686	0	
4.40237	4.63508	0	
4.48872	4.54691	1	
4.65405	4.54873	1	
4.40716	4.76853	1	
4.98193	4.41086	1	
4.41215	4.40965	0	
# Depth = 5, x = 3.75000 - 4.37500, y = 3.75000 - 4.37500
4.28386	3.89689	0	
4.22334	4.28433	0	
4.12850	4.09207	1	
4.15733	4.33834	0	
4.11836	4.11315	0	
4.13458	4.04291	1	
3.81086	3.87257	0	
3.77864	4.10091	0	
4.06307	3.87694	0	
4.18057	4.08154	0	
4.20371	3.85600	1	
3.94773	4.32603	1	
4.34111	3.90306	0	
3.80717	4.20963	1	
4.13783	3.76168	1	
4.22109	4.22923	0	
4.02445	4.32151	1	
3.87146	3.96631	0	
4.19325	3.76525	0	
4.25919	3.83027	1	
# Depth = 5, x = 4.37500 - 5.00000, y = 3.75000 - 4.37500
4.90471	4.27920	1	
4.73750	3.82070	1	
4.75285	3.93538	1	
4.38764	4.02547	0	
4.54732	4.23636	1	
4.51001	4.29344	0	
4.94026	3.89589	0	
4.57456	4.02417	1	
4.82504	3.97441	0	
4.63738	3.92885	0	
4.66689	4.11298	1	
4.99657	3.75762	0	
4.69151	4.23208	1	
4.39885	4.05463	0	
4.64041	3.88419	1	
4.83142	3.98996	1	
4.58905	3.91141	0	
4.60045	4.15350	0	
4.91036	3.93467	1	
4.50009	4.04388	1	
# Depth = 6, x = 2.50000 - 2.81250, y = 3.43750 - 3.75000
2.54172	3.60018	1	
2.63200	3.55747	0	
2.79060	3.64490	1	
2.74070	3.59421	0	
2.54857	3.68621	1	
2.63712	3.73730	0	
2.61119	3.45070	1	
2.61657	3.65174	0	
2.71973	3.72942	1	
2.70917	3.50595	1	
2.56273	3.70521	1	
2.79398	3.72918	1	
2.71972	3.57808	0	
2.73472	3.69704	1	
2.77028	3.67717	0	
2.56131	3.71674	1	
2.68851	3.55292	1	
2.58125	3.48712	0	
2.69050	3.72500	0	
2.69889	3.53628	0	
# Depth = 6, x = 2.81250 - 3.12500, y = 3.43750 - 3.75000
2.96038	3.48996	0	
2.91815	3.64183	0	
3.11138	3.60978	1	
2.98449	3.72701	1	
2.82657	3.74784	0	
3.04938	3.52153	1	
3.06986	3.46649	1	
2.94868	3.58296	0	
3.00787	3.53108	1	
2.86878	3.51716	1	
2.89006	3.68345	1	
3.11443	3.72964	0	
2.90188	3.73098	1	
2.90464	3.63461	1	
2.84080	3.74094	1	
3.05811	3.66037	0	
3.04413	3.69114	0	
2.81338	3.50985	1	
2.85259	3.60977	1	
2.96041	3.74798	1	
# Depth = 6, x = 2.50000 - 2.81250, y = 3.12500 - 3.43750
2.56985	3.16174	0	
2.67766	3.37284	0	
2.74316	3.18411	0	
2.74806	3.20251	1	
2.52255	3.35159	1	
2.67102	3.12800	0	
2.76709	3.26357	1	
2.75766	3.40898	1	
2.78162	3.21429	1	
2.51864	3.16158	1	
2.63238	3.15417	0	
2.61922	3.21673	1	
2.60658	3.37490	1	
2.60930	3.19679	1	
2.70279	3.23111	0	
2.75743	3.36523	0	
2.72125	3.20569	0	
2.72895	3.16898	0	
2.64580	3.25517	0	
2.53013	3.15151	0	
# Depth = 6, x = 2.81250 - 3.12500, y = 3.12500 - 3.43750
3.08079	3.12600	1	
2.87393	3.24827	0	
2.96185	3.22963	0	
3.10041	3.33379	1	
2.84244	3.31037	0	
2.85870	3.35559	0	
3.01075	3.14315	0	
2.89567	3.36734	1	
2.97277	3.14788	0	
3.08301	3.14501	1	
3.08691	3.40186	0	
3.04245	3.41940	1	
2.83705	3.37364	1	
2.86736	3.38553	0	
3.01178	3.24292	0	
2.96455	3.42163	1	
3.05326	3.30381	1	
3.11150	3.20016	1	
2.92385	3.26813	0	
3.10884	3.21711	0	
# Depth = 6, x = 3.12500 - 3.43750, y = 3.43750 - 3.75000
3.25686	3.65976	0	
3.17643	3.73294	0	
3.41378	3.49838	1	
3.12803	3.54496	1	
3.43703	3.67712	1	
3.21230	3.50934	0	
3.39069	3.63790	1	
3.40062	3.45870	1	
3.12981	3.68421	0	
3.43495	3.54157	0	
3.23465	3.63545	0	
3.39302	3.54231	1	
3.20888	3.48504	0	
3.38352	3.55631	0	
3.37685	3.47825	1	
3.13589	3.45877	0	
3.23773	3.59619	1	
3.16297	3.50289	1	
3.29925	3.63406	0	
3.13104	3.73780	1	
# Depth = 6, x = 3.43750 - 3.75000, y = 3.43750 - 3.75000
3.45435	3.54329	1	
3.60186	3.72054	1	
3.57456	3.66239	1	
3.64424	3.68725	0	
3.65914	3.46077	0	
3.59833	3.52676	0	
3.71685	3.46853	0	
3.44097	3.64884	1	
3.45143	3.65560	0	
3.70453	3.73418	1	
3.51283	3.45138	0	
3.52052	3.50631	1	
3.50043	3.44215	0	
3.65229	3.60313	1	
3.50171	3.62512	1	
3.59435	3.54933	1	
3.45442	3.67674	1	
3.53045	3.67939	0	
3.53456	3.64370	1	
3.44015	3.57434	1	
# Depth = 6, x = 3.12500 - 3.43750, y = 3.12500 - 3.43750
3.43035	3.19211	0	
3.23900	3.15142	0	
3.18509	3.24147	1	
3.37906	3.14884	1	
3.25473	3.31975	0	
3.26167	3.31558	0	
3.26108	3.42504	1	
3.42546	3.23733	1	
3.23033	3.14217	0	
3.24430	3.25793	1	
3.43021	3.29245	0	
3.38228	3.20742	1	
3.13998	3.32666	1	
3.33730	3.42759	0	
3.27209	3.24468	1	
3.38969	3.20225	0	
3.14552	3.17611	0	
3.14771	3.38839	0	
3.22601	3.31218	1	
3.40373	3.18620	0	
# Depth = 6, x = 3.43750 - 3.75000, y = 3.12500 - 3.43750
3.67073	3.27006	0	
3.47720	3.21953	0	
3.45075	3.15532	1	
3.69361	3.13556	0	
3.60776	3.26760	1	
3.56696	3.41276	0	
3.63664	3.13218	0	
3.53582	3.38291	1	
3.50552	3.30693	1	
3.59387	3.18679	1	
3.48699	3.20649	0	
3.53072	3.25596	1	
3.74044	3.25086	0	
3.57206	3.21397	1	
3.51563	3.39772	1	
3.47645	3.18025	0	
3.54228	3.38825	0	
3.71353	3.25115	1	
3.71007	3.42945	1	
3.74197	3.35674	1	
# Depth = 6, x = 2.50000 - 2.81250, y = 2.81250 - 3.12500
2.55770	2.90042	0	
2.63396	2.82555	0	
2.80332	2.91947	0	
2.80734	3.06880	0	
2.61998	2.92869	0	
2.60652	2.89381	1	
2.52649	2.90078	0	
2.55714	2.92809	0	
2.55741	3.00181	1	
2.76328	3.06594	1	
2.78195	2.88742	0	
2.75441	3.02985	0	
2.54239	3.07912	0	
2.76325	3.00264	1	
2.70064	2.84269	0	
2.78838	3.07284	0	
2.67404	2.95607	0	
2.77654	2.92443	1	
2.59598	3.03940	1	
2.76298	2.83383	0	
# Depth = 6, x = 2.81250 - 3.12500, y = 2.81250 - 3.12500
3.10878	2.96068	1	
2.83978	2.87130	0	
3.09588	2.84539	0	
2.87776	2.89794	0	
3.03928	2.91159	0	
2.99593	2.87752	0	
3.05853	2.86786	0	
2.88698	3.05422	0	
3.04454	2.83531	1	
2.84918	2.84371	1	
3.01203	2.81952	0	
3.11953	3.06190	1	
2.88847	2.91169	1	
3.09573	3.11691	0	
2.81939	2.96886	1	
3.10160	2.88238	0	
3.01503	3.01946	0	
3.09083	2.99502	0	
2.98389	3.00776	0	
2.98855	2.82187	0	
# Depth = 6, x = 2.50000 - 2.81250, y = 2.50000 - 2.81250
2.72766	2.75372	0	
2.65789	2.80945	1	
2.61579	2.65777	0	
2.60564	2.56110	0	
2.81195	2.71914	0	
2.51184	2.70941	1	
2.77161	2.56016	1	
2.79562	2.71674	0	
2.56748	2.62626	1	
2.75809	2.67401	0	
2.62481	2.55914	1	
2.57335	2.66636	1	
2.67588	2.67709	1	
2.59828	2.71028	0	
2.75711	2.57539	0	
2.67677	2.70467	1	
2.59836	2.79670	0	
2.73366	2.75098	1	
2.73257	2.76115	1	
2.76708	2.63152	0	
# Depth = 6, x = 2.81250 - 3.12500, y = 2.50000 - 2.81250
3.00721	2.64751	0	
3.09056	2.61557	0	
2.91857	2.71718	1	
2.87528	2.53787	1	
2.90448	2.69932	0	
2.91526	2.73516	1	
3.01274	2.59071	1	
3.05965	2.79182	1	
2.96271	2.79178	1	
3.01453	2.68705	0	
3.02595	2.66004	1	
3.01815	2.63992	0	
2.98689	2.61244	1	
2.81472	2.63865	0	
2.89267	2.76456	0	
3.05041	2.76031	1	
3.03334	2.50010	1	
3.06469	2.54957	0	
3.01236	2.78219	1	
3.00305	2.59740	0	
# Depth = 5, x = 3.12500 - 3.75000, y = 2.50000 - 3.12500
3.50269	2.87028	0	
3.49568	2.55588	0	
3.27646	2.65439	0	
3.29958	2.85948	0	
3.15245	2.70436	0	
3.36656	2.52374	0	
3.63407	3.11927	1	
3.34325	3.12169	0	
3.61437	2.67938	0	
3.67240	2.75233	1	
3.27186	2.75943	1	
3.52256	2.51319	1	
3.52760	2.92246	1	
3.37946	2.80323	0	
3.65638	2.51354	1	
3.26144	2.75918	1	
3.46650	3.11475	0	
3.32884	3.00643	0	
3.36796	2.68512	0	
3.40825	3.02441	1	
# Depth = 5, x = 3.75000 - 4.37500, y = 3.12500 - 3.75000
4.22812	3.18561	0	
3.97285	3.60284	0	
4.30427	3.22412	0	
3.97663	3.49341	1	
4.10174	3.69519	0	
3.78121	3.44483	1	
3.84058	3.62119	0	
3.91272	3.48735	0	
4.23623	3.52857	0	
4.30534	3.23353	0	
3.83149	3.32563	1	
4.14702	3.31118	1	
3.90188	3.14590	0	
4.08900	3.32605	1	
4.24094	3.18548	1	
4.10497	3.52347	1	
4.16814	3.36570	1	
3.81546	3.38307	0	
3.88549	3.19024	1	
4.26311	3.35913	1	
# Depth = 5, x = 4.37500 - 5.00000, y = 3.12500 - 3.75000
4.88842	3.66380	1	
4.78295	3.66957	1	
4.51709	3.52695	0	
4.73362	3.20080	1	
4.59776	3.27234	1	
4.41266	3.33315	0	
4.73535	3.31288	0	
4.54186	3.45245	0	
4.60627	3.65871	0	
4.59066	3.53497	0	
4.81632	3.64668	0	
4.51983	3.64077	1	
4.96188	3.31732	1	
4.82301	3.69734	0	
4.56627	3.61107	1	
4.44632	3.36453	1	
4.86257	3.17589	1	
4.90562	3.35634	1	
4.39054	3.16363	0	
4.81855	3.19597	1	
# Depth = 5, x = 3.75000 - 4.37500, y = 2.50000 - 3.12500
4.06126	2.82428	1	
4.02090	2.58127	1	
3.76429	2.92471	0	
4.25877	2.83580	1	
4.12987	2.66943	0	
4.06734	3.01105	0	
3.83370	2.93881	1	
3.78593	2.78929	1	
4.02307	2.63257	1	
3.91289	2.71151	1	
3.80822	2.98892	1	
3.97876	2.58535	0	
3.75764	2.92925	0	
4.06527	2.89865	1	
4.36214	2.54805	1	
3.76683	3.01308	1	
4.33616	2.92927	0	
4.17070	2.50505	0	
4.01570	2.59857	0	
3.79060	2.70250	1	
# Depth = 5, x = 4.37500 - 5.00000, y = 2.50000 - 3.12500
4.69045	2.80748	0	
4.55154	3.06802	1	
4.81345	2.95866	0	
4.37759	2.82133	1	
4.51617	2.84299	0	
4.92173	2.86444	1	
4.43309	2.70147	1	
4.65908	3.07369	0	
4.87592	2.51247	0	
4.94490	2.96634	1	
4.51316	2.93276	1	
4.95725	2.90472	0	
4.91921	2.77169	0	
4.75627	2.65468	1	
4.74604	2.68149	0	
4.65317	2.93501	0	
4.62809	2.75533	0	
4.91899	3.03292	0	
4.88350	2.56906	1	
4.98712	3.11083	0	
# Depth = 4, x = 0.00000 - 1.25000, y = 1.25000 - 2.50000
1.00713	1.99438	1	
1.09602	2.04799	1	
0.23596	1.48693	1	
0.29401	1.35593	0	
0.04015	1.39684	0	
1.24802	1.67863	0	
0.02590	2.43151	1	
0.27082	2.04254	0	
1.18818	1.38486	0	
0.10554	2.01507	1	
0.60270	2.39440	1	
0.23307	1.29648	1	
0.42904	1.62551	1	
0.06113	1.75890	1	
0.46170	1.66607	1	
0.46852	1.74546	0	
0.94942	1.97551	1	
0.81294	2.35191	0	
1.21953	1.96155	0	
0.99045	1.86377	0	
# Depth = 5, x = 1.25000 - 1.87500, y = 1.87500 - 2.50000
1.79831	2.37750	1	
1.76801	2.29940	0	
1.84025	2.40705	1	
1.73353	1.92795	1	
1.59869	2.02317	0	
1.42623	1.99728	0	
1.46718	1.89062	0	
1.62174	2.25629	1	
1.64686	2.16115	0	
1.47010	2.15869	1	
1.83098	1.94636	1	
1.26194	2.36158	0	
1.52700	1.89718	0	
1.71794	2.04431	0	
1.31187	2.29542	1	
1.50226	2.46031	0	
1.78299	2.12425	1	
1.27503	2.42939	1	
1.69213	2.42562	0	
1.70235	1.91218	1	
# Depth = 5, x = 1.87500 - 2.50000, y = 1.87500 - 2.50000
1.90572	1.97189	0	
2.47871	2.48577	1	
2.13877	2.24588	1	
2.47885	2.20726	0	
2.33052	2.02540	1	
2.21045	2.17701	0	
2.00246	2.02024	1	
2.38759	1.98707	0	
2.02892	1.89286	1	
2.12416	1.94428	1	
2.40339	2.28540	0	
1.90193	2.45753	0	
2.14350	2.24484	0	
2.13420	2.12049	0	
2.13788	2.04586	0	
2.10209	1.96541	1	
2.33238	2.13672	0	
2.17105	1.97467	0	
2.24158	2.10165	1	
1.89854	2.01731	1	
# Depth = 5, x = 1.25000 - 1.87500, y = 1.25000 - 1.87500
1.52274	1.64913	1	
1.52790	1.44398	1	
1.69466	1.55295	1	
1.68843	1.86604	0	
1.76250	1.62341	0	
1.74474	1.32266	1	
1.41589	1.85332	1	
1.53366	1.40869	0	
1.37159	1.72307	0	
1.86481	1.47586	1	
1.48734	1.55779	1	
1.85888	1.56489	1	
1.75306	1.36844	1	
1.79407	1.79805	0	
1.65027	1.44521	1	
1.65565	1.51338	1	
1.42895	1.31159	0	
1.51358	1.64255	0	
1.72796	1.70683	0	
1.41878	1.53933	0	
# Depth = 5, x = 1.87500 - 2.50000, y = 1.25000 - 1.87500
2.34307	1.74520	1	
2.22069	1.81022	0	
1.91989	1.56854	0	
2.47775	1.72368	0	
2.21968	1.51863	1	
1.96355	1.73028	0	
2.43402	1.54141	0	
2.26021	1.68906	0	
2.20056	1.84288	1	
2.05614	1.62081	1	
1.89591	1.36182	0	
2.46673	1.51168	0	
2.00495	1.27818	0	
2.21329	1.51665	0	
2.23037	1.68668	1	
2.31852	1.51922	1	
1.89798	1.73799	1	
1.89014	1.58240	1	
2.42331	1.66781	1	
2.16178	1.68081	0	
# Depth = 4, x = 0.00000 - 1.25000, y = 0.00000 - 1.25000
0.44291	0.17388	0	
0.94925	1.13796	1	
0.11161	1.01090	1	
0.05580	0.71122	0	
0.91034	1.11591	1	
0.68069	0.91592	0	
0.19622	0.29809	1	
0.90832	0.21274	1	
0.76874	0.70164	1	
0.10720	1.10201	0	
0.27773	0.97752	1	
0.18562	0.55915	1	
0.91853	1.24524	1	
1.09528	0.05655	1	
0.73131	0.90562	1	
0.45718	1.07373	0	
0.67421	0.64577	1	
0.65996	0.78619	0	
1.05567	0.61712	1	
0.92908	0.70860	1	
# Depth = 4, x = 1.25000 - 2.50000, y = 0.00000 - 1.25000
1.32801	1.07422	0	
1.69888	1.21176	1	
2.08205	0.00693	0	
2.10223	1.12389	1	
1.96591	0.31371	0	
2.14118	0.29893	0	
1.63266	0.73446	1	
1.68401	0.95944	0	
2.17596	0.83742	1	
2.15475	0.71159	1	
1.96342	0.62618	1	
1.88362	0.60325	1	
1.94586	0.76974	0	
2.24395	0.80080	1	
1.70591	0.43097	1	
2.21797	0.42004	0	
1.97456	0.63090	1	
1.67702	0.55883	1	
1.34617	0.93435	0	
2.26190	0.61360	1	
# Depth = 5, x = 2.50000 - 3.12500, y = 1.87500 - 2.50000
3.10899	1.91210	1	
2.97790	2.46547	1	
2.73179	2.07952	1	
2.76949	2.34105	0	
2.78625	2.29159	1	
2.65599	2.26723	0	
3.03083	1.91108	0	
2.62960	2.08772	0	
2.56278	2.03167	0	
2.92755	1.99791	1	
2.62743	2.40192	1	
3.00530	2.16335	1	
2.69212	2.10606	0	
2.99314	1.99475	0	
2.50190	2.20439	0	
3.11848	1.98664	0	
2.55119	2.38419	0	
2.83543	2.23402	0	
2.71557	2.11459	1	
2.86957	2.13232	1	
# Depth = 5, x = 3.12500 - 3.75000, y = 1.87500 - 2.50000
3.28556	2.45726	1	
3.66396	2.41233	1	
3.16898	2.11162	0	
3.27868	2.14369	1	
3.61956	2.35311	1	
3.55676	2.39901	1	
3.30631	1.92261	0	
3.21214	2.35262	1	
3.42696	2.28787	0	
3.34377	2.19362	0	
3.36780	2.31777	1	
3.62246	2.49018	0	
3.35216	2.14423	1	
3.74169	2.14468	1	
3.59840	2.20842	1	
3.16714	2.18417	0	
3.19385	1.95485	1	
3.28679	2.48302	0	
3.56031	2.40486	1	
3.13112	2.28329	0	
# Depth = 5, x = 2.50000 - 3.12500, y = 1.25000 - 1.87500
2.95022	1.71638	1	
2.50771	1.30373	0	
2.69803	1.60713	0	
2.99080	1.27931	0	
2.76837	1.59885	0	
2.64676	1.58338	1	
2.65965	1.35976	0	
2.71376	1.57721	0	
2.93343	1.71202	1	
2.79226	1.67551	0	
2.85550	1.73777	1	
3.02596	1.50335	1	
2.90842	1.79567	0	
2.81717	1.72997	0	
2.86759	1.68535	0	
2.99379	1.79759	0	
2.84069	1.39250	0	
2.75381	1.30879	1	
2.97588	1.57174	1	
3.06034	1.86573	0	
# Depth = 5, x = 3.12500 - 3.75000, y = 1.25000 - 1.87500
3.55936	1.76887	0	
3.26332	1.56609	1	
3.16202	1.29029	0	
3.58364	1.47601	1	
3.41257	1.27900	1	
3.65125	1.38770	0	
3.34004	1.53040	1	
3.22039	1.76703	0	
3.21252	1.34307	1	
3.19147	1.36853	1	
3.37224	1.48815	0	
3.36754	1.57574	1	
3.67661	1.43357	0	
3.72057	1.37350	1	
3.66084	1.61450	0	
3.14047	1.81577	0	
3.60319	1.49418	0	
3.43404	1.56934	1	
3.57392	1.87154	1	
3.47303	1.32983	0	
# Depth = 4, x = 3.75000 - 5.00000, y = 1.25000 - 2.50000
3.94624	1.75707	0	
4.30703	1.41332	1	
4.02781	2.10022	1	
4.64829	2.28220	0	
3.93960	2.32107	1	
3.81416	1.50736	0	
4.30181	1.56797	0	
4.85145	2.17736	1	
3.86251	2.03712	1	
4.31210	1.99891	0	
4.64065	2.40586	1	
4.87491	1.31271	0	
3.97568	2.28002	0	
4.59438	1.55520	0	
4.50069	1.29035	0	
4.53899	1.89573	0	
4.82175	1.87601	1	
4.50323	2.49801	1	
4.29463	1.34937	0	
4.95231	1.88867	0	
# Depth = 4, x = 2.50000 - 3.75000, y = 0.00000 - 1.25000
2.61856	0.66238	1	
2.80338	0.09187	1	
2.88160	1.19431	0	
2.73867	0.92437	0	
3.42378	0.44375	0	
2.96454	1.01651	0	
3.15520	0.83230	1	
3.48101	0.22520	0	
3.08147	0.72243	0	
2.59534	1.15675	1	
3.74859	0.69442	1	
3.36868	0.52966	0	
2.84412	0.24265	1	
3.27140	0.54836	1	
3.56574	0.00495	0	
3.31342	1.04659	0	
3.01685	0.66281	0	
2.69699	0.82214	1	
2.69156	1.24088	1	
3.02989	0.11870	1	
# Depth = 4, x = 3.75000 - 5.00000, y = 0.00000 - 1.25000
4.46755	0.94835	0	
4.49506	0.00543	1	
4.34903	0.95851	0	
4.77753	0.19794	1	
4.32958	0.02664	1	
4.55446	0.16824	0	
3.89122	1.01122	1	
4.40195	1.12076	1	
3.88283	0.99123	1	
4.00325	0.73110	0	
4.48504	0.67539	0	
4.57758	1.21923	0	
4.98090	0.95079	0	
3.92755	0.63704	0	
4.60846	1.07526	0	
4.33446	1.07189	1	
3.89138	0.60876	1	
3.77533	0.58659	1	
4.40984	0.88595	1	
4.26003	0.76018	1	
# Depth = 5, x = 5.00000 - 5.62500, y = 4.37500 - 5.00000
5.34233	4.76393	0	
5.32300	4.91705	0	
5.18234	4.46459	0	
5.48699	4.86358	0	
5.08468	4.72318	0	
5.04092	4.62549	0	
5.40473	4.52630	1	
5.24428	4.69250	1	
5.15317	4.59874	0	
5.09168	4.60056	1	
5.49381	4.87160	1	
5.40369	4.40143	0	
5.51133	4.70451	1	
5.61530	4.68676	1	
5.08408	4.63453	1	
5.58507	4.53256	0	
5.42104	4.63855	1	
5.31698	4.47849	1	
5.42930	4.95910	1	
5.11329	4.95442	0	
# Depth = 5, x = 5.62500 - 6.25000, y = 4.37500 - 5.00000
5.68532	4.61448	0	
6.01658	4.95811	0	
5.97052	4.68618	0	
6.08494	4.73092	0	
6.13169	4.52466	1	
6.15986	4.62100	0	
5.89085	4.84569	0	
6.21499	4.92047	1	
6.21987	4.99784	0	
5.99858	4.47964	0	
6.00420	4.97424	1	
6.19251	4.68646	1	
5.93391	4.67822	1	
5.83603	4.54779	1	
6.05646	4.59726	1	
6.01273	4.63928	1	
6.08671	4.82440	0	
5.80472	4.59788	1	
5.69877	4.51959	1	
6.17164	4.61367	0	
# Depth = 5, x = 5.00000 - 5.62500, y = 3.75000 - 4.37500
5.27977	4.23320	0	
5.01649	4.21303	0	
5.48549	4.09283	0	
5.23052	4.02785	1	
5.47899	4.14184	0	
5.32757	3.89107	1	
5.50175	4.36443	1	
5.47839	3.78901	0	
5.56289	4.18252	1	
5.40716	4.34546	1	
5.35355	4.20531	1	
5.13301	4.05518	0	
5.37056	4.08266	0	
5.55175	4.21960	0	
5.03622	4.10777	0	
5.58787	4.11157	0	
5.59058	4.14806	1	
5.01258	3.75495	1	
5.47016	4.19562	0	
5.14126	3.93050	1	
# Depth = 5, x = 5.62500 - 6.25000, y = 3.75000 - 4.37500
5.81307	3.89646	1	
5.66005	3.91095	0	
5.84282	4.03146	1	
6.13414	3.80332	0	
5.90862	4.22072	0	
6.17224	4.20261	0	
5.67547	3.96132	0	
5.75272	3.91831	1	
5.89599	3.86063	1	
6.14001	3.76970	1	
6.14210	4.10628	0	
5.91791	4.33341	0	
5.70320	3.79128	1	
6.13807	3.99200	0	
6.24544	4.00028	0	
6.14337	3.77838	1	
5.90944	3.99863	1	
6.15244	4.15072	0	
5.90549	4.01333	1	
5.93170	3.88346	0	
# Depth = 5, x = 6.25000 - 6.87500, y = 4.37500 - 5.00000
6.80226	4.99797	0	
6.75624	4.64574	0	
6.50221	4.91113	0	
6.49836	4.61362	0	
6.43873	4.44800	0	
6.45778	4.44022	0	
6.70201	4.48481	1	
6.78331	4.56745	1	
6.80778	4.79855	1	
6.64223	4.66292	1	
6.70594	4.56691	0	
6.37096	4.85375	1	
6.55678	4.44434	1	
6.35027	4.82376	0	
6.84601	4.53130	0	
6.42195	4.57455	1	
6.83789	4.71180	0	
6.56050	4.72114	1	
6.51485	4.66492	1	
6.43791	4.61720	0	
# Depth = 5, x = 6.87500 - 7.50000, y = 4.37500 - 5.00000
7.49305	4.76691	1	
6.92586	4.93434	0	
7.26426	4.86603	1	
7.05235	4.71990	1	
7.20925	4.46326	0	
7.17807	4.40809	1	
7.38526	4.44704	1	
7.17021	4.75785	0	
7.22554	4.47134	1	
7.21092	4.88263	0	
7.28639	4.58500	0	
7.21704	4.61932	0	
7.34512	4.81607	0	
7.08349	4.84830	1	
6.94309	4.80981	1	
6.89862	4.40233	1	
7.49603	4.55813	1	
7.47513	4.37830	1	
7.00675	4.71566	0	
7.33361	4.81043	0	
# Depth = 6, x = 6.25000 - 6.56250, y = 4.06250 - 4.37500
6.48952	4.22401	1	
6.34988	4.35469	0	
6.31439	4.35740	0	
6.37535	4.30702	0	
6.41776	4.15352	0	
6.48980	4.10068	0	
6.49756	4.30408	1	
6.37207	4.13046	1	
6.51033	4.29528	0	
6.31642	4.07423	0	
6.52100	4.13193	1	
6.56213	4.24229	1	
6.53720	4.11380	0	
6.52317	4.14602	0	
6.27978	4.26312	1	
6.37931	4.35685	0	
6.29325	4.16843	0	
6.41744	4.25823	0	
6.34596	4.34360	1	
6.50727	4.34693	1	
# Depth = 6, x = 6.56250 - 6.87500, y = 4.06250 - 4.37500
6.66725	4.32644	0	
6.79723	4.11181	1	
6.85218	4.29220	0	
6.74404	4.23779	0	
6.67270	4.34172	1	
6.82763	4.14049	0	
6.79769	4.32345	0	
6.64030	4.32227	1	
6.84728	4.34696	0	
6.84023	4.16872	1	
6.78881	4.26535	1	
6.74855	4.10277	0	
6.61650	4.34593	1	
6.86202	4.22574	0	
6.63349	4.13431	1	
6.79871	4.35518	0	
6.61946	4.21750	0	
6.62877	4.33509	0	
6.60516	4.34019	0	
6.77388	4.14043	1	
# Depth = 6, x = 6.25000 - 6.56250, y = 3.75000 - 4.06250
6.45087	3.99553	1	
6.27674	3.87320	1	
6.47482	3.77915	0	
6.25140	3.91156	0	
6.54561	4.01720	0	
6.26729	3.75760	0	
6.28263	3.99067	0	
6.33620	3.95368	0	
6.50868	3.80399	0	
6.31194	3.95460	0	
6.41296	3.88140	0	
6.27660	3.85786	0	
6.42324	3.82621	0	
6.36110	3.86962	1	
6.56176	3.81528	1	
6.30677	3.85577	1	
6.45341	4.03025	0	
6.33459	3.96514	1	
6.26873	3.96670	0	
6.50086	3.81762	0	
# Depth = 6, x = 6.56250 - 6.87500, y = 3.75000 - 4.06250
6.59294	3.76317	1	
6.60053	3.93589	1	
6.79569	3.75678	0	
6.59886	3.75435	0	
6.77552	3.84580	1	
6.57536	3.75257	1	
6.74240	3.99430	1	
6.56946	3.76214	0	
6.81060	3.85607	0	
6.57672	3.76196	0	
6.75514	3.90536	1	
6.81363	3.98606	1	
6.61928	3.82052	0	
6.75487	3.92856	1	
6.77702	3.86580	1	
6.77679	3.79460	0	
6.83307	3.83725	0	
6.84621	3.98460	0	
6.60594	3.95414	0	
6.72851	4.01660	0	
# Depth = 5, x = 6.87500 - 7.50000, y = 3.75000 - 4.37500
7.26143	3.76683	1	
7.32570	4.22239	1	
7.17058	4.32805	0	
7.29564	4.29403	0	
7.31325	4.08605	1	
7.05848	3.99927	0	
7.22520	4.32519	1	
6.99760	3.83496	1	
6.94561	4.20328	0	
7.43432	3.88159	0	
7.20891	4.07959	1	
7.30298	3.93710	0	
6.91048	4.18838	1	
6.89393	3.94146	0	
7.20732	3.78802	1	
7.10567	3.83463	1	
7.02497	4.30864	1	
6.94388	3.89255	0	
7.13274	4.20672	0	
7.19878	4.12383	1	
# Depth = 4, x = 5.00000 - 6.25000, y = 2.50000 - 3.75000
6.07505	3.01717	0	
5.52379	3.06183	0	
5.00328	2.92783	1	
5.18171	3.27875	0	
5.12765	3.32205	1	
6.11326	3.57024	1	
6.00310	3.63262	1	
5.48123	3.49413	1	
6.16308	2.83269	1	
6.18826	2.99287	1	
5.70950	3.57436	0	
5.10707	2.93901	0	
5.07305	3.66197	1	
5.71786	3.13663	1	
6.01725	2.83530	1	
5.68573	2.54468	0	
5.59466	3.04177	0	
5.52420	2.70692	1	
5.93471	3.52292	1	
5.48546	2.53148	0	
# Depth = 6, x = 6.25000 - 6.56250, y = 3.43750 - 3.75000
6.42016	3.73395	0	
6.36647	3.50353	1	
6.43325	3.59088	1	
6.40790	3.44755	1	
6.45180	3.60499	1	
6.30531	3.63129	1	
6.49193	3.50548	0	
6.38445	3.65926	1	
6.28681	3.70917	0	
6.53437	3.44087	1	
6.49783	3.62905	1	
6.54511	3.46225	1	
6.29036	3.71665	0	
6.29162	3.48947	1	
6.26625	3.61936	1	
6.52435	3.70778	0	
6.53062	3.68657	1	
6.33109	3.47265	0	
6.47191	3.54595	0	
6.28659	3.60900	0	
# Depth = 6, x = 6.56250 - 6.87500, y = 3.43750 - 3.75000
6.81105	3.55751	1	
6.82290	3.72145	1	
6.72210	3.54575	0	
6.71456	3.65444	1	
6.87441	3.68910	1	
6.59836	3.68404	0	
6.64710	3.46170	1	
6.73535	3.60993	0	
6.57213	3.47641	1	
6.81189	3.73727	0	
6.81778	3.55003	0	
6.65571	3.56019	0	
6.68204	3.43873	1	
6.59345	3.45022	0	
6.62304	3.66029	0	
6.67991	3.46710	1	
6.73551	3.62009	0	
6.79159	3.54071	0	
6.61402	3.45026	1	
6.78884	3.64359	1	
# Depth = 6, x = 6.25000 - 6.56250, y = 3.12500 - 3.43750
6.39415	3.29472	0	
6.49382	3.34412	1	
6.55835	3.29893	0	
6.30802	3.17330	0	
6.43988	3.20432	0	
6.48572	3.41989	0	
6.33320	3.22082	0	
6.35403	3.40975	1	
6.44460	3.18356	0	
6.45087	3.41204	1	
6.49653	3.43364	0	
6.33927	3.12765	1	
6.50993	3.29909	0	
6.41320	3.42259	1	
6.49591	3.19998	0	
6.32985	3.20977	1	
6.35725	3.43058	0	
6.34001	3.19098	1	
6.43196	3.36599	1	
6.37786	3.42223	1	
# Depth = 6, x = 6.56250 - 6.87500, y = 3.12500 - 3.43750
6.59993	3.40698	1	
6.71350	3.31808	1	
6.78138	3.40130	1	
6.58316	3.33704	1	
6.74122	3.27090	1	
6.78893	3.42596	0	
6.80392	3.17865	1	
6.63671	3.17578	0	
6.57334	3.23037	1	
6.68421	3.16275	0	
6.63696	3.19820	1	
6.77991	3.14643	1	
6.86236	3.39276	1	
6.74418	3.36749	0	
6.65428	3.34391	0	
6.73949	3.28574	0	
6.81629	3.16434	0	
6.87377	3.22498	1	
6.61088	3.12964	0	
6.72728	3.31460	1	
# Depth = 5, x = 6.87500 - 7.50000, y = 3.12500 - 3.75000
7.33466	3.18513	1	
7.20357	3.30304	1	
7.16275	3.70818	1	
7.05047	3.53766	1	
7.40032	3.72497	0	
7.15693	3.65732	1	
7.06755	3.13261	1	
7.11473	3.39912	1	
7.04366	3.46576	0	
6.97106	3.40629	1	
7.00663	3.67861	1	
6.88194	3.48210	0	
7.42860	3.64716	0	
7.09983	3.24258	1	
7.13624	3.21271	0	
7.02525	3.47398	1	
7.47868	3.40433	0	
7.46873	3.43595	1	
6.99042	3.38030	0	
6.96577	3.38392	0	
# Depth = 5, x = 6.25000 - 6.87500, y = 2.50000 - 3.12500
6.60716	2.83143	1	
6.34458	2.71820	1	
6.37842	2.99659	0	
6.25039	3.09248	1	
6.28412	2.59735	0	
6.60469	3.10754	1	
6.70105	2.92927	0	
6.37045	2.71543	0	
6.68136	3.08777	0	
6.49053	2.67813	0	
6.72932	2.68794	0	
6.66000	2.52565	0	
6.56216	3.01543	1	
6.27334	2.60898	1	
6.42804	2.91590	1	
6.42932	2.92744	1	
6.81242	2.83035	1	
6.79590	2.78296	1	
6.38957	2.52381	0	
6.47492	3.08040	0	
# Depth = 6, x = 6.87500 - 7.18750, y = 2.81250 - 3.12500
6.89257	3.10431	1	
7.07204	2.91559	0	
7.04528	3.09706	1	
7.04534	2.91831	0	
6.88683	3.02195	0	
7.14036	2.90643	1	
7.07598	2.97419	0	
7.14874	3.02972	1	
6.89643	2.97503	0	
7.07834	3.01529	1	
7.03241	3.01338	1	
7.05762	2.93795	0	
6.99748	2.82530	1	
7.01974	3.02401	0	
7.16894	3.05129	0	
7.14370	2.84206	0	
6.95801	2.96752	1	
7.07980	2.93426	1	
7.06708	2.98594	0	
7.01766	2.82660	1	
# Depth = 6, x = 7.18750 - 7.50000, y = 2.81250 - 3.12500
7.46365	2.99027	0	
7.35575	2.94219	0	
7.23922	3.08207	1	
7.48804	2.92154	1	
7.19293	2.89297	0	
7.34515	3.11458	0	
7.38659	2.92315	1	
7.36825	2.92936	0	
7.46122	2.96460	1	
7.22405	2.94432	0	
7.49651	2.92764	1	
7.28889	2.83585	0	
7.42948	3.05137	0	
7.36467	2.96129	1	
7.32201	2.82188	0	
7.35618	2.98581	0	
7.25517	2.95252	1	
7.40873	2.91154	1	
7.48842	2.84033	0	
7.39339	2.91981	1	
# Depth = 6, x = 6.87500 - 7.18750, y = 2.50000 - 2.81250
6.92123	2.59725	1	
7.05582	2.53359	0	
7.08513	2.72353	1	
7.11431	2.72817	1	
7.05600	2.68119	0	
6.95675	2.60535	1	
6.93540	2.77990	1	
7.06114	2.56987	1	
7.09770	2.67956	0	
6.97951	2.69343	0	
6.95758	2.53205	0	
6.99775	2.70618	1	
7.12601	2.69677	1	
7.06589	2.58719	0	
6.97936	2.65644	0	
7.03522	2.62779	0	
7.04769	2.70927	1	
7.00649	2.70232	0	
7.04798	2.50740	1	
7.16646	2.63274	1	
# Depth = 6, x = 7.18750 - 7.50000, y = 2.50000 - 2.81250
7.37215	2.56829	1	
7.35988	2.67977	0	
7.49584	2.57154	1	
7.34933	2.51865	1	
7.49872	2.64147	1	
7.26919	2.69270	1	
7.29584	2.75004	1	
7.47151	2.79594	0	
7.39937	2.50048	0	
7.32099	2.53152	1	
7.42455	2.65768	0	
7.35321	2.63937	1	
7.19862	2.64905	1	
7.22411	2.77133	0	
7.36279	2.61589	1	
7.27457	2.67651	0	
7.42061	2.54410	1	
7.20991	2.51913	1	
7.36223	2.61123	1	
7.26067	2.67509	0	
# Depth = 5, x = 7.50000 - 8.12500, y = 4.37500 - 5.00000
7.50710	4.39032	0	
7.55743	4.54499	1	
7.50898	4.67292	0	
7.85661	4.51948	1	
7.52971	4.68291	1	
8.06296	4.67007	1	
7.73122	4.85387	0	
7.97833	4.82444	0	
7.87503	4.85314	1	
7.54086	4.79884	1	
7.56349	4.60082	0	
8.04547	4.79504	0	
7.62922	4.88344	0	
8.02167	4.81481	1	
7.81734	4.84723	0	
7.68800	4.68390	0	
7.88179	4.95527	0	
7.93725	4.58052	1	
7.68545	4.84030	0	
7.96499	4.65477	0	
# Depth = 5, x = 8.12500 - 8.75000, y = 4.37500 - 5.00000
8.44722	4.80961	0	
8.51049	4.40157	0	
8.23498	4.91196	0	
8.50147	4.80523	0	
8.23285	4.54652	1	
8.29129	4.76607	0	
8.44782	4.95354	1	
8.72189	4.61695	1	
8.47779	4.40072	0	
8.21137	4.40071	1	
8.28801	4.44404	1	
8.37048	4.39216	1	
8.58543	4.76622	1	
8.60744	4.50197	0	
8.49376	4.99936	0	
8.25481	4.91919	1	
8.48372	4.68838	0	
8.72508	4.91274	1	
8.47241	4.71400	1	
8.43731	4.71479	0	
# Depth = 6, x = 7.50000 - 7.81250, y = 4.06250 - 4.37500
7.57230	4.16383	0	
7.54839	4.16949	0	
7.70956	4.30970	1	
7.57928	4.06681	0	
7.52087	4.18538	0	
7.78095	4.26248	0	
7.58014	4.21974	1	
7.54765	4.17694	0	
7.58037	4.14325	0	
7.54616	4.28442	1	
7.71341	4.29743	0	
7.51226	4.26904	1	
7.71772	4.10303	0	
7.64267	4.26820	0	
7.52059	4.09511	1	
7.73408	4.17051	0	
7.59479	4.19578	0	
7.61784	4.27307	1	
7.58841	4.24922	1	
7.69254	4.10937	0	
# Depth = 6, x = 7.81250 - 8.12500, y = 4.06250 - 4.37500
8.05754	4.19656	0	
8.03478	4.28133	0	
7.88424	4.30358	1	
8.01328	4.26126	0	
7.90996	4.28978	1	
7.82557	4.06716	0	
8.05066	4.35130	1	
7.85280	4.06828	1	
8.06213	4.35207	0	
8.03375	4.08304	1	
7.89382	4.10478	1	
8.01673	4.07186	1	
8.02281	4.27154	1	
8.11690	4.35596	0	
7.98584	4.16902	0	
7.87215	4.24845	1	
7.88261	4.29119	0	
7.90483	4.20165	0	
7.92716	4.35825	1	
7.82189	4.08303	1	
# Depth = 6, x = 7.50000 - 7.81250, y = 3.75000 - 4.06250
7.60600	4.02258	1	
7.79658	3.89079	0	
7.51474	4.02438	1	
7.54652	3.88113	0	
7.68431	3.84199	1	
7.62816	3.83539	1	
7.76796	3.85084	1	
7.74590	3.76959	0	
7.53817	4.04972	1	
7.79392	3.89709	1	
7.58714	3.96360	1	
7.60704	3.99993	0	
7.61612	3.83211	0	
7.64825	3.82474	0	
7.80286	3.92497	0	
7.75237	3.79188	0	
7.58060	3.99780	1	
7.72324	3.97572	0	
7.64370	3.80989	0	
7.77789	3.79538	0	
# Depth = 6, x = 7.81250 - 8.12500, y = 3.75000 - 4.06250
8.08083	3.79560	0	
7.98972	4.02668	1	
7.93828	4.01036	1	
7.89614	3.90553	0	
8.05679	3.94924	1	
7.98215	3.92282	1	
7.90021	4.03210	1	
8.02105	3.94422	0	
7.83443	3.98873	1	
8.03880	3.88925	1	
7.97519	3.90121	0	
7.81866	3.75929	1	
7.83601	3.87374	1	
8.06785	3.76081	1	
7.91708	3.77059	1	
8.10701	4.04246	1	
8.09333	4.01145	0	
8.07732	3.88154	1	
7.87117	3.89510	0	
8.07034	3.77806	0	
# Depth = 6, x = 8.12500 - 8.43750, y = 4.06250 - 4.37500
8.34525	4.17316	0	
8.26066	4.16046	0	
8.28062	4.32216	0	
8.20156	4.15692	0	
8.41593	4.16443	1	
8.23833	4.25842	1	
8.28861	4.19777	1	
8.38065	4.28318	0	
8.30616	4.10621	1	
8.26980	4.15561	0	
8.35838	4.27131	0	
8.30067	4.07118	0	
8.15158	4.12302	0	
8.35133	4.22509	1	
8.30825	4.07896	0	
8.43348	4.33524	1	
8.34559	4.15770	1	
8.23335	4.11122	1	
8.25145	4.36619	1	
8.42425	4.11157	0	
# Depth = 6, x = 8.43750 - 8.75000, y = 4.06250 - 4.37500
8.64077	4.25976	0	
8.72436	4.09669	1	
8.55484	4.23559	0	
8.46506	4.34682	1	
8.58519	4.26694	1	
8.71756	4.28677	1	
8.72563	4.26539	0	
8.57019	4.13678	1	
8.52817	4.11776	1	
8.45336	4.10057	0	
8.68738	4.25682	1	
8.66559	4.26457	1	
8.71995	4.16564	0	
8.58423	4.10806	1	
8.45660	4.26741	0	
8.61307	4.09807	1	
8.72572	4.26623	0	
8.67373	4.13709	0	
8.45443	4.26234	1	
8.51135	4.11525	0	
# Depth = 6, x = 8.12500 - 8.43750, y = 3.75000 - 4.06250
8.30657	4.02048	1	
8.23838	3.95731	1	
8.20618	3.86015	1	
8.23407	3.83893	1	
8.32429	3.99284	1	
8.40357	3.80489	1	
8.22653	3.90321	1	
8.15907	3.99172	1	
8.40201	3.81434	0	
8.25010	3.80795	1	
8.19860	3.96404	1	
8.36946	4.03437	1	
8.14431	3.99306	1	
8.30452	3.98581	0	
8.36553	3.80854	0	
8.24724	3.75713	0	
8.42291	3.86101	1	
8.32650	4.04251	1	
8.43308	3.75390	1	
8.28777	3.82779	1	
# Depth = 6, x = 8.43750 - 8.75000, y = 3.75000 - 4.06250
8.68207	4.05699	0	
8.54848	3.92018	0	
8.74036	3.77652	1	
8.48815	4.01060	0	
8.69581	4.05198	0	
8.53898	3.90982	1	
8.73170	3.95575	0	
8.50038	3.91535	1	
8.44148	3.81031	1	
8.58883	3.92381	1	
8.50029	4.00870	0	
8.65080	3.79244	0	
8.49755	3.96482	1	
8.74366	3.75142	0	
8.60933	3.97818	1	
8.49535	3.85699	1	
8.43890	3.97608	1	
8.65440	3.96665	0	
8.55600	3.95211	0	
8.54877	3.86519	1	
# Depth = 5, x = 8.75000 - 9.37500, y = 4.37500 - 5.00000
9.06308	4.93137	1	
9.36892	4.99100	0	
9.25581	4.99152	0	
9.01276	4.80077	1	
8.96300	4.72624	1	
9.13616	4.65048	0	
9.34289	4.89232	0	
9.24816	4.64761	1	
8.88413	4.59314	1	
8.83657	4.62868	0	
8.86039	4.74426	1	
9.29289	4.62147	0	
9.27605	4.92500	0	
9.15373	4.57578	1	
8.75872	4.46934	0	
8.84489	4.78057	1	
9.17968	4.87216	0	
8.99048	4.47950	0	
9.28652	4.93286	1	
9.31309	4.67027	0	
# Depth = 5, x = 9.37500 - 10.00000, y = 4.37500 - 5.00000
9.80386	4.47813	0	
9.61574	4.63681	0	
9.71909	4.56868	0	
9.38662	4.43579	0	
9.80703	4.56218	1	
9.39662	4.39935	0	
9.92587	4.57678	1	
9.98043	4.38532	1	
9.39661	4.83346	0	
9.77981	4.55323	0	
9.77441	4.64066	1	
9.80786	4.54284	0	
9.56531	4.76672	0	
9.83801	4.98548	0	
9.42610	4.74431	1	
9.89691	4.46338	0	
9.56100	4.84920	0	
9.89030	4.66021	1	
9.65316	4.92075	0	
9.82675	4.46241	0	
# Depth = 6, x = 8.75000 - 9.06250, y = 4.06250 - 4.37500
8.85148	4.08984	0	
8.79090	4.16060	0	
8.85445	4.20716	0	
9.03563	4.27497	0	
8.93732	4.24567	1	
9.04752	4.27961	0	
8.82824	4.32298	1	
8.91394	4.18145	1	
8.80831	4.21634	1	
8.82583	4.34566	0	
8.98569	4.09779	1	
9.00490	4.17979	1	
9.02118	4.18269	1	
8.95502	4.30164	1	
8.96650	4.21125	0	
9.03327	4.20121	0	
8.99038	4.29542	0	
8.94248	4.10130	1	
8.91319	4.33409	1	
8.76067	4.16948	1	
# Depth = 6, x = 9.06250 - 9.37500, y = 4.06250 - 4.37500
9.17898	4.10218	1	
9.28364	4.11631	0	
9.28520	4.21566	0	
9.22702	4.29497	0	
9.22363	4.16740	0	
9.25367	4.36695	0	
9.19895	4.07214	0	
9.31312	4.24443	1	
9.12853	4.21402	1	
9.21778	4.12793	0	
9.21645	4.15219	1	
9.32219	4.19334	1	
9.09647	4.25011	1	
9.17560	4.29104	0	
9.31640	4.08793	1	
9.12936	4.10978	1	
9.34064	4.19138	0	
9.14529	4.20934	1	
9.36833	4.26991	1	
9.11995	4.28822	1	
# Depth = 6, x = 8.75000 - 9.06250, y = 3.75000 - 4.06250
8.93252	4.02674	0	
8.85659	3.77358	1	
8.88184	4.05052	0	
8.90452	4.06161	1	
8.76317	4.03991	0	
8.86674	3.88307	1	
9.00201	4.00049	1	
9.03268	3.99940	0	
9.03839	3.76358	0	
8.99330	3.84301	0	
8.77572	3.93486	1	
8.98090	3.87785	0	
8.84798	3.89211	1	
8.82172	3.86074	0	
8.82143	3.78347	0	
8.88576	3.86884	1	
8.95577	3.87574	0	
8.92517	3.93706	1	
8.86251	3.89575	1	
8.80081	3.86487	0	
# Depth = 6, x = 9.06250 - 9.37500, y = 3.75000 - 4.06250
9.33988	3.79908	0	
9.18025	4.01311	0	
9.23810	3.79120	0	
9.17351	3.90171	1	
9.32263	4.01023	1	
9.07593	4.04369	1	
9.09063	3.85538	0	
9.35017	3.81730	1	
9.27727	3.98883	0	
9.34262	3.77587	1	
9.12381	3.79417	0	
9.28823	3.93656	0	
9.18570	3.81171	0	
9.18772	3.92464	1	
9.17282	3.87708	1	
9.28057	3.75528	1	
9.29867	3.86614	1	
9.28664	3.96365	1	
9.21581	3.90529	0	
9.16896	3.81324	0	
# Depth = 5, x = 9.37500 - 10.00000, y = 3.75000 - 4.37500
9.64976	4.01510	1	
9.63227	4.12016	0	
9.78042	3.94352	1	
9.47863	4.12756	1	
9.69558	4.33754	1	
9.81455	3.96594	0	
9.77938	3.77704	0	
9.96970	4.00993	0	
9.81354	4.26603	0	
9.54755	3.78199	0	
9.73257	4.17511	0	
9.71553	4.20023	0	
9.80064	3.83561	0	
9.42066	3.92737	1	
9.63934	4.06081	1	
9.89919	4.30478	0	
9.90280	4.09070	1	
9.82178	4.23307	0	
9.69625	4.35542	1	
9.49747	3.78188	1	
# Depth = 6, x = 7.50000 - 7.81250, y = 3.43750 - 3.75000
7.61459	3.60023	0	
7.66987	3.47536	0	
7.76734	3.43875	0	
7.62177	3.62339	0	
7.73363	3.66587	0	
7.55787	3.65531	0	
7.73067	3.57276	1	
7.58488	3.57489	1	
7.56355	3.57066	0	
7.68013	3.64695	1	
7.70616	3.63778	1	
7.81049	3.52611	1	
7.78158	3.71626	1	
7.68727	3.66064	0	
7.65137	3.55355	0	
7.63853	3.49224	0	
7.70191	3.72741	0	
7.52592	3.45033	1	
7.59845	3.46297	0	
7.75072	3.46714	0	
# Depth = 6, x = 7.81250 - 8.12500, y = 3.43750 - 3.75000
7.95241	3.53068	1	
7.98080	3.62243	1	
8.11135	3.69736	0	
8.08768	3.51677	0	
7.86957	3.50915	1	
8.10772	3.56273	0	
7.90102	3.56248	1	
8.11621	3.56658	0	
7.91584	3.46099	0	
7.92279	3.70639	0	
7.91169	3.59253	1	
7.94042	3.57892	0	
7.86289	3.70526	1	
8.10355	3.59667	0	
7.82320	3.44907	0	
8.01028	3.71760	1	
7.84690	3.55194	1	
7.98207	3.63418	1	
8.04746	3.53093	0	
7.91004	3.55893	1	
# Depth = 6, x = 7.50000 - 7.81250, y = 3.12500 - 3.43750
7.79984	3.30250	0	
7.66340	3.22222	1	
7.61979	3.31322	0	
7.59450	3.23885	1	
7.54218	3.42057	1	
7.80861	3.23442	0	
7.69720	3.31991	0	
7.56253	3.26751	1	
7.55291	3.32832	0	
7.79018	3.39477	0	
7.65163	3.36610	1	
7.71831	3.26084	1	
7.50150	3.22695	1	
7.52409	3.25662	1	
7.56321	3.43000	0	
7.80106	3.37406	1	
7.60477	3.22827	1	
7.62396	3.15884	1	
7.71167	3.28468	1	
7.75799	3.31419	1	
# Depth = 6, x = 7.81250 - 8.12500, y = 3.12500 - 3.43750
7.97478	3.16684	1	
7.81531	3.26042	0	
7.85352	3.26148	0	
7.81431	3.38616	0	
7.91453	3.29464	1	
7.99704	3.34852	0	
8.07549	3.29519	1	
8.05049	3.40132	1	
7.96526	3.39722	0	
8.01239	3.30757	1	
7.89710	3.20668	1	
8.04999	3.22565	0	
7.88536	3.12820	1	
7.90483	3.23125	1	
7.87354	3.41596	0	
7.89019	3.15408	0	
7.95087	3.14697	0	
7.88806	3.34868	1	
8.02942	3.39595	1	
7.83905	3.42175	1	
# Depth = 6, x = 8.12500 - 8.43750, y = 3.43750 - 3.75000
8.18701	3.49519	0	
8.33580	3.52041	0	
8.28396	3.69618	0	
8.40042	3.68836	0	
8.23457	3.45500	1	
8.24280	3.68197	0	
8.14245	3.58486	0	
8.29048	3.50230	0	
8.19956	3.53617	1	
8.42832	3.54919	0	
8.12767	3.57821	1	
8.32021	3.57021	1	
8.27644	3.73885	0	
8.21360	3.44066	1	
8.30020	3.71377	1	
8.39614	3.50699	1	
8.15959	3.49720	1	
8.18099	3.69596	1	
8.23743	3.60403	1	
8.34967	3.57594	0	
# Depth = 6, x = 8.43750 - 8.75000, y = 3.43750 - 3.75000
8.50232	3.69107	0	
8.48556	3.63063	0	
8.63348	3.72275	0	
8.45974	3.64908	0	
8.45335	3.67988	1	
8.62165	3.46504	1	
8.47799	3.60982	0	
8.71967	3.44413	1	
8.74596	3.68913	0	
8.71324	3.48521	0	
8.64834	3.61678	1	
8.53327	3.73496	1	
8.59255	3.48768	1	
8.59021	3.61069	0	
8.68271	3.63555	0	
8.47454	3.50939	1	
8.44181	3.47438	1	
8.69607	3.53045	1	
8.57475	3.71779	0	
8.65336	3.72800	1	
# Depth = 6, x = 8.12500 - 8.43750, y = 3.12500 - 3.43750
8.41190	3.39972	0	
8.18493	3.35104	1	
8.18946	3.30456	1	
8.29735	3.32285	0	
8.43592	3.19584	0	
8.19490	3.17197	0	
8.21826	3.34056	0	
8.21601	3.21142	0	
8.39156	3.18431	0	
8.13013	3.13041	1	
8.26252	3.12737	0	
8.38586	3.40183	0	
8.37613	3.22291	1	
8.17547	3.17018	1	
8.32114	3.24538	1	
8.40285	3.21617	0	
8.30153	3.42727	1	
8.23389	3.33322	0	
8.33638	3.30911	0	
8.25456	3.36969	0	
# Depth = 6, x = 8.43750 - 8.75000, y = 3.12500 - 3.43750
8.60625	3.17635	0	
8.74647	3.14932	1	
8.66309	3.39119	0	
8.68841	3.23077	1	
8.45156	3.26227	1	
8.61499	3.29229	1	
8.63613	3.36332	1	
8.62277	3.16379	0	
8.48515	3.28605	1	
8.51368	3.43601	1	
8.67237	3.20869	0	
8.56359	3.21178	1	
8.45003	3.13947	0	
8.45544	3.27085	0	
8.56212	3.25806	0	
8.57217	3.22290	1	
8.60151	3.15144	0	
8.64962	3.18589	1	
8.67318	3.20129	0	
8.72971	3.19572	1	
# Depth = 6, x = 7.50000 - 7.81250, y = 2.81250 - 3.12500
7.61202	2.93070	1	
7.62251	2.88563	0	
7.66358	3.08872	0	
7.58224	2.99976	1	
7.53618	2.93721	0	
7.51880	2.84428	0	
7.63276	3.06896	1	
7.65282	2.84055	0	
7.79372	2.81710	0	
7.69931	2.87567	0	
7.51213	2.94098	1	
7.52302	2.84292	0	
7.54860	3.09105	0	
7.67687	2.87070	0	
7.51479	3.11012	0	
7.67740	2.93967	1	
7.69370	3.09611	0	
7.69643	3.04699	0	
7.77978	3.10275	0	
7.81002	3.08436	0	
# Depth = 6, x = 7.81250 - 8.12500, y = 2.81250 - 3.12500
7.97089	2.95681	0	
8.09923	2.82831	1	
7.87993	2.98529	1	
7.81519	3.04551	1	
8.05028	3.02918	0	
8.10185	2.93331	0	
7.83783	3.04908	1	
8.07986	2.84284	1	
8.06178	2.90624	0	
8.07231	3.09210	0	
7.91213	2.98436	0	
7.95438	2.84032	1	
7.96037	2.99192	0	
7.86521	2.93165	0	
8.11776	3.12369	1	
7.99274	2.90118	1	
7.87176	2.89251	1	
7.88845	2.91594	0	
8.10725	2.98320	1	
8.05421	3.09293	0	
# Depth = 6, x = 7.50000 - 7.81250, y = 2.50000 - 2.81250
7.70434	2.53066	0	
7.64695	2.62147	0	
7.66627	2.58760	1	
7.68458	2.60543	1	
7.65760	2.79795	0	
7.54690	2.72879	1	
7.53465	2.52943	1	
7.66369	2.59636	0	
7.57948	2.58396	0	
7.78401	2.74483	0	
7.63162	2.63349	0	
7.53488	2.76913	1	
7.73681	2.52400	1	
7.64221	2.59960	0	
7.74743	2.62706	1	
7.55606	2.54631	0	
7.56484	2.74069	0	
7.74596	2.62346	1	
7.65085	2.68456	1	
7.78339	2.70067	0	
# Depth = 6, x = 7.81250 - 8.12500, y = 2.50000 - 2.81250
8.07169	2.70079	0	
7.96970	2.73532	1	
8.10253	2.72786	1	
7.94965	2.53315	0	
7.97037	2.76661	1	
7.86453	2.67152	1	
8.03320	2.69590	0	
7.94856	2.79840	0	
7.89138	2.52963	1	
7.96946	2.51020	1	
7.83850	2.63959	0	
7.86280	2.57465	0	
7.92575	2.53403	0	
7.90735	2.50103	0	
7.84607	2.58857	0	
7.84596	2.52523	1	
7.86906	2.61381	1	
8.06243	2.77205	0	
8.01655	2.71411	1	
7.89691	2.71765	1	
# Depth = 6, x = 8.12500 - 8.43750, y = 2.81250 - 3.12500
8.18602	2.85670	0	
8.40008	2.90104	0	
8.42671	2.85264	0	
8.29725	2.89355	0	
8.13934	3.02963	1	
8.43616	2.99750	1	
8.13718	2.84217	1	
8.26431	2.92817	0	
8.40134	2.94187	0	
8.36351	3.07714	1	
8.43476	2.90757	1	
8.20881	2.91150	0	
8.19856	2.87350	1	
8.15203	2.98846	1	
8.30309	2.91562	1	
8.13629	3.10532	0	
8.36447	3.02621	1	
8.38371	2.86843	1	
8.27149	2.87851	1	
8.16019	3.03277	1	
# Depth = 6, x = 8.43750 - 8.75000, y = 2.81250 - 3.12500
8.47466	2.96780	1	
8.55238	2.97418	0	
8.49070	3.01358	0	
8.48516	2.90587	0	
8.64744	2.87979	1	
8.69862	2.95289	1	
8.70250	3.10254	1	
8.53998	3.06101	0	
8.55927	2.90406	0	
8.44405	3.10129	1	
8.49273	3.00449	1	
8.68672	3.08905	0	
8.44835	2.87776	0	
8.60272	2.83498	0	
8.62619	2.97710	0	
8.54310	2.94329	0	
8.56640	3.07543	1	
8.47756	3.08740	1	
8.49916	2.84944	0	
8.44126	2.91678	0	
# Depth = 6, x = 8.12500 - 8.43750, y = 2.50000 - 2.81250
8.30569	2.81213	0	
8.41216	2.80923	1	
8.15895	2.71170	0	
8.23306	2.60778	0	
8.18304	2.72710	1	
8.26275	2.53407	1	
8.22461	2.61878	1	
8.32281	2.71538	0	
8.25014	2.56540	1	
8.23415	2.76470	1	
8.28427	2.77641	0	
8.33716	2.62831	0	
8.33248	2.73845	0	
8.28231	2.71537	0	
8.39460	2.61390	1	
8.22083	2.67645	0	
8.34704	2.74000	1	
8.27834	2.78630	1	
8.31417	2.78568	0	
8.30710	2.58062	0	
# Depth = 6, x = 8.43750 - 8.75000, y = 2.50000 - 2.81250
8.63765	2.58882	1	
8.53266	2.75211	1	
8.65825	2.56493	0	
8.62462	2.55472	0	
8.58210	2.52774	1	
8.67280	2.64173	1	
8.66121	2.77588	1	
8.61428	2.78289	1	
8.65536	2.62563	0	
8.45229	2.74437	1	
8.53017	2.52108	1	
8.54326	2.68352	0	
8.57054	2.68115	0	
8.64937	2.55097	1	
8.53334	2.75034	1	
8.72137	2.69863	1	
8.61938	2.57132	1	
8.62407	2.65891	0	
8.59977	2.79778	0	
8.49844	2.60904	0	
# Depth = 5, x = 8.75000 - 9.37500, y = 3.12500 - 3.75000
8.94912	3.61341	0	
8.93141	3.74511	1	
8.82881	3.51889	1	
9.28472	3.61388	0	
9.08046	3.19295	1	
9.35407	3.21018	0	
8.89112	3.32478	0	
8.89655	3.17546	1	
8.76935	3.61768	1	
8.84314	3.49139	0	
9.01484	3.69517	0	
9.31702	3.37898	0	
8.80317	3.37794	0	
9.29896	3.47886	1	
8.75012	3.16082	0	
8.90929	3.48698	1	
9.28513	3.68517	1	
9.15097	3.67316	1	
9.18268	3.22115	0	
9.28597	3.57990	1	
# Depth = 5, x = 9.37500 - 10.00000, y = 3.12500 - 3.75000
9.79144	3.23911	1	
9.99396	3.18207	1	
9.68683	3.66359	1	
9.71402	3.54689	0	
9.73037	3.26674	0	
9.38420	3.40967	0	
9.52265	3.60642	1	
9.64273	3.43258	1	
9.77003	3.57819	0	
9.53103	3.71199	0	
9.81225	3.30877	1	
9.54305	3.41987	1	
9.37685	3.43573	1	
9.51918	3.52503	0	
9.82451	3.18054	0	
9.88354	3.68759	0	
9.48398	3.60784	0	
9.69935	3.58748	0	
9.42287	3.34554	0	
9.63921	3.74726	0	
# Depth = 5, x = 8.75000 - 9.37500, y = 2.50000 - 3.12500
9.19586	2.52805	0	
9.21039	2.52692	0	
8.88053	3.03843	1	
9.29283	2.57456	1	
8.90969	2.80423	0	
8.97073	2.92637	1	
8.86220	2.65388	1	
9.29634	2.68892	1	
9.30212	2.56309	0	
8.91623	2.58417	0	
8.97972	2.87941	0	
9.15661	2.77070	0	
8.94375	2.64039	1	
9.28447	2.90662	1	
9.10417	2.66021	1	
8.75107	2.84430	0	
9.31370	2.91463	1	
9.36106	2.56841	0	
9.32200	2.93903	1	
8.89381	3.02420	0	
# Depth = 5, x = 9.37500 - 10.00000, y = 2.50000 - 3.12500
9.58299	2.66330	1	
9.87745	2.99464	1	
9.89121	3.00884	0	
9.59941	2.76078	0	
9.92858	2.58195	0	
9.97291	2.93376	1	
9.92424	2.79331	1	
9.69523	2.81648	0	
9.98271	2.55815	0	
9.89388	2.86171	0	
9.59128	2.81189	1	
9.38759	2.54997	1	
9.78851	2.98872	0	
9.47791	2.92354	1	
9.54594	2.84887	1	
9.77601	2.63711	0	
9.42195	2.98903	0	
9.37956	2.69616	1	
9.63580	2.82314	0	
9.43756	2.50658	1	
# Depth = 4, x = 5.00000 - 6.25000, y = 1.25000 - 2.50000
6.15970	2.07163	1	
5.35125	1.68079	0	
5.28693	1.28724	1	
5.59812	1.68421	1	
6.05985	2.25988	1	
5.84845	2.43945	0	
5.51151	1.91909	1	
5.56200	1.36092	1	
5.94095	2.08967	0	
5.65918	1.74185	1	
5.29353	1.43502	1	
5.21576	1.47736	0	
5.74210	1.97477	1	
6.23691	2.41673	1	
5.34297	2.02898	0	
5.26953	2.04116	0	
6.12511	1.98705	0	
5.26992	2.11233	0	
5.01926	2.28555	0	
5.47419	2.33195	1	
# Depth = 4, x = 6.25000 - 7.50000, y = 1.25000 - 2.50000
6.35540	2.40684	1	
6.31790	2.15782	0	
7.43044	2.10285	1	
6.83959	2.29423	0	
6.86528	1.75677	1	
6.73518	1.75328	1	
6.42416	1.95724	1	
7.04869	1.51708	0	
7.19876	2.29892	0	
6.76761	1.93228	1	
7.47263	2.21892	1	
6.61591	1.27074	1	
7.27610	1.87043	0	
6.95988	1.58366	1	
7.25451	1.69855	0	
7.43342	2.33513	0	
7.01493	2.43518	0	
7.33290	1.38807	1	
6.68796	1.91021	1	
6.76095	2.01777	0	
# Depth = 4, x = 5.00000 - 6.25000, y = 0.00000 - 1.25000
5.82362	1.17546	0	
5.01867	0.24991	1	
5.00639	0.82833	0	
5.90146	0.02695	1	
5.24954	0.29834	1	
6.00956	0.96484	0	
5.77749	0.42636	0	
5.34044	0.46994	0	
5.16624	0.03144	0	
5.09771	1.06447	0	
6.12415	0.19454	0	
5.57140	0.95408	1	
5.07973	0.38075	0	
5.45051	0.15965	1	
5.11481	0.51343	1	
5.38117	0.85685	1	
6.21669	0.11059	1	
5.47850	1.01621	1	
6.11984	0.45316	0	
6.12010	0.47364	1	
# Depth = 5, x = 6.25000 - 6.87500, y = 0.62500 - 1.25000
6.75836	1.12091	1	
6.62802	1.23751	0	
6.44558	0.65467	0	
6.84997	1.09474	0	
6.45925	0.68428	1	
6.60513	1.09612	1	
6.37722	0.66836	0	
6.38822	0.72954	1	
6.39728	1.10524	0	
6.64920	0.92103	1	
6.43980	0.86799	1	
6.67706	1.01575	0	
6.31515	1.23900	1	
6.66001	1.04971	0	
6.56286	1.16892	0	
6.80992	1.00561	0	
6.49826	1.14906	1	
6.69360	0.72561	1	
6.80142	1.13544	1	
6.68498	0.68989	0	
# Depth = 5, x = 6.87500 - 7.50000, y = 0.62500 - 1.25000
6.90740	0.76166	1	
7.47463	0.81001	0	
7.02638	1.18596	1	
7.43177	1.01723	1	
6.98994	1.12698	0	
7.49232	1.10667	1	
7.33412	1.07090	0	
7.37480	0.88037	0	
7.13588	1.19466	0	
7.48352	1.05865	1	
7.27492	1.11909	0	
7.22431	0.75547	0	
7.04903	0.89416	1	
7.19283	0.83116	0	
7.45537	1.18587	0	
7.12064	0.69075	0	
7.36786	1.12316	1	
6.97483	0.99939	1	
7.21917	1.19788	0	
7.09536	1.19631	1	
# Depth = 5, x = 6.25000 - 6.87500, y = 0.00000 - 0.62500
6.70429	0.17875	0	
6.45763	0.31145	0	
6.55458	0.58003	0	
6.55261	0.40830	0	
6.64796	0.26403	1	
6.59084	0.18613	0	
6.33306	0.62336	1	
6.32955	0.37192	0	
6.30349	0.42928	1	
6.45493	0.42764	1	
6.62078	0.31902	1	
6.65713	0.52903	0	
6.71021	0.26990	1	
6.83455	0.54461	0	
6.80906	0.06834	1	
6.48304	0.31065	1	
6.75456	0.32108	0	
6.70402	0.52893	1	
6.26168	0.28923	1	
6.43560	0.61931	1	
# Depth = 5, x = 6.87500 - 7.50000, y = 0.00000 - 0.62500
7.35503	0.20647	0	
6.88082	0.10900	0	
6.90561	0.22580	0	
7.11538	0.32595	1	
7.21270	0.41907	1	
7.37675	0.44688	1	
7.15365	0.56471	1	
7.31206	0.29637	1	
7.31429	0.47095	0	
7.19009	0.11197	1	
7.01927	0.38467	1	
7.48609	0.48337	0	
6.97308	0.35832	1	
6.97976	0.45531	1	
6.89976	0.59985	1	
7.35803	0.49979	0	
7.32632	0.61861	0	
7.44241	0.05285	0	
7.30277	0.09984	0	
7.25954	0.07727	1	
# Depth = 6, x = 7.50000 - 7.81250, y = 2.18750 - 2.50000
7.56064	2.31653	0	
7.74875	2.47928	0	
7.71769	2.41466	0	
7.74273	2.30303	0	
7.71151	2.30980	0	
7.80575	2.49067	0	
7.65128	2.24705	0	
7.68399	2.37555	0	
7.63395	2.30900	1	
7.68246	2.48279	0	
7.73596	2.35676	0	
7.60126	2.30823	0	
7.63925	2.22755	1	
7.75102	2.30650	0	
7.69124	2.20410	1	
7.58267	2.36717	1	
7.52268	2.45353	0	
7.78920	2.21832	0	
7.69598	2.41605	1	
7.60847	2.28720	0	
# Depth = 6, x = 7.81250 - 8.12500, y = 2.18750 - 2.50000
8.06831	2.32103	0	
7.99605	2.43791	1	
7.91840	2.47113	0	
8.03736	2.42373	1	
8.07112	2.49274	1	
8.10683	2.31149	1	
8.01596	2.47484	1	
7.97726	2.42075	0	
7.86657	2.24775	0	
8.08975	2.49758	0	
8.02191	2.23123	0	
7.98696	2.18909	0	
7.83589	2.45662	0	
7.89953	2.33439	0	
8.10480	2.29891	1	
7.82300	2.40924	1	
7.84829	2.33512	1	
7.93575	2.32860	1	
7.88238	2.49154	0	
7.92760	2.23935	1	
# Depth = 6, x = 7.50000 - 7.81250, y = 1.87500 - 2.18750
7.65375	2.12518	1	
7.59697	1.97504	0	
7.63297	1.94082	0	
7.76330	1.91995	1	
7.57758	1.88730	0	
7.80754	2.11533	1	
7.63119	1.89765	0	
7.54756	2.00395	0	
7.56014	1.98213	1	
7.58133	1.98705	1	
7.75492	1.90547	1	
7.53768	2.06429	1	
7.51449	2.03988	1	
7.50797	2.08870	0	
7.76027	1.98056	0	
7.52431	1.88942	1	
7.73174	2.15716	1	
7.75460	1.90135	1	
7.61601	1.92845	1	
7.55727	1.99642	1	
# Depth = 6, x = 7.81250 - 8.12500, y = 1.87500 - 2.18750
8.01930	1.88322	1	
7.86993	2.02369	1	
7.90696	1.96141	0	
7.96909	2.14670	0	
7.84815	2.15889	0	
7.97719	2.13335	0	
7.95434	1.89880	1	
8.05502	2.08071	1	
8.10977	2.06511	1	
7.97593	1.92747	0	
7.92091	2.02159	1	
8.05336	1.95406	0	
7.87790	2.09601	1	
7.95154	2.10720	0	
8.10412	1.96198	1	
8.03208	1.94823	0	
7.88940	1.87924	0	
7.95123	2.07490	0	
8.07330	1.93290	0	
7.83264	1.98089	0	
# Depth = 6, x = 8.12500 - 8.43750, y = 2.18750 - 2.50000
8.23305	2.33009	1	
8.25634	2.45977	0	
8.14768	2.44569	0	
8.37360	2.32806	1	
8.17828	2.34671	0	
8.35917	2.29536	1	
8.18312	2.34858	1	
8.43626	2.25223	1	
8.35432	2.37709	1	
8.38853	2.40285	0	
8.17416	2.40313	0	
8.30315	2.19411	0	
8.22912	2.25698	0	
8.15012	2.37098	0	
8.24749	2.26377	1	
8.38994	2.46237	1	
8.35893	2.20212	1	
8.21586	2.22242	1	
8.13686	2.34669	0	
8.43665	2.25091	0	
# Depth = 6, x = 8.43750 - 8.75000, y = 2.18750 - 2.50000
8.72378	2.31269	0	
8.72226	2.46257	0	
8.52790	2.25558	0	
8.67335	2.40795	1	
8.72571	2.49872	1	
8.52634	2.34094	0	
8.55244	2.22401	1	
8.49588	2.20504	0	
8.60014	2.41302	0	
8.64040	2.46912	0	
8.65390	2.42706	0	
8.73425	2.39084	0	
8.67848	2.25806	0	
8.64566	2.47480	1	
8.73118	2.21269	0	
8.63298	2.48188	0	
8.70188	2.34403	0	
8.67469	2.45939	0	
8.61937	2.30682	0	
8.72993	2.34243	1	
# Depth = 6, x = 8.12500 - 8.43750, y = 1.87500 - 2.18750
8.25744	1.96206	1	
8.23548	2.12204	1	
8.12516	2.17236	1	
8.31470	2.09895	1	
8.36828	1.92901	1	
8.31101	2.07475	1	
8.26534	1.91678	0	
8.16470	1.94314	0	
8.40630	1.95132	0	
8.19290	1.98458	1	
8.27482	2.02408	0	
8.16993	2.03163	1	
8.28551	2.00335	1	
8.32530	2.03241	1	
8.21627	2.05800	0	
8.19175	2.04549	0	
8.39048	1.99215	0	
8.32563	2.05748	0	
8.40847	1.88106	0	
8.15027	1.92285	0	
# Depth = 6, x = 8.43750 - 8.75000, y = 1.87500 - 2.18750
8.53963	1.92533	1	
8.46235	1.89566	0	
8.68567	1.89584	1	
8.46641	1.94904	1	
8.71776	2.13327	1	
8.69217	2.10565	1	
8.62297	1.97954	0	
8.57587	1.98716	1	
8.49498	1.97974	1	
8.68716	2.11818	1	
8.72438	1.93634	0	
8.67747	1.99150	1	
8.74698	1.90891	0	
8.62618	1.94770	0	
8.45482	1.89283	0	
8.74497	1.92430	0	
8.55543	2.10391	0	
8.63260	1.92097	0	
8.55988	1.88529	1	
8.58088	2.14251	0	
# Depth = 6, x = 7.50000 - 7.81250, y = 1.56250 - 1.87500
7.54115	1.61489	1	
7.55773	1.77781	1	
7.69577	1.74034	0	
7.73809	1.69381	0	
7.50281	1.80956	0	
7.76934	1.77762	1	
7.80278	1.74084	1	
7.65147	1.80556	1	
7.58171	1.70253	1	
7.67415	1.56953	0	
7.67152	1.85916	1	
7.68199	1.73652	0	
7.63191	1.74280	1	
7.74342	1.68651	0	
7.53289	1.68103	0	
7.56795	1.84660	0	
7.50835	1.73612	1	
7.56050	1.81274	1	
7.58492	1.59945	0	
7.53592	1.64476	0	
# Depth = 6, x = 7.81250 - 8.12500, y = 1.56250 - 1.87500
8.10469	1.78160	1	
7.99102	1.79179	0	
7.82206	1.74379	0	
7.96222	1.68959	1	
7.89553	1.58199	1	
8.05542	1.68373	0	
8.07869	1.82217	1	
8.03435	1.71553	1	
7.96557	1.76924	1	
8.04794	1.72015	0	
8.03414	1.62950	1	
7.92404	1.62299	0	
8.01599	1.65269	1	
7.82747	1.77995	1	
7.91735	1.81000	1	
7.94035	1.82593	1	
7.81836	1.79652	0	
7.88780	1.64688	0	
7.82598	1.74928	1	
8.04158	1.75438	1	
# Depth = 6, x = 7.50000 - 7.81250, y = 1.25000 - 1.56250
7.81209	1.33842	0	
7.69877	1.28429	0	
7.74445	1.34830	0	
7.61240	1.35518	0	
7.70604	1.26714	1	
7.56423	1.55612	1	
7.55065	1.43714	0	
7.80222	1.46188	1	
7.60720	1.51675	0	
7.58339	1.31407	1	
7.61975	1.47295	1	
7.74710	1.49112	0	
7.59370	1.40547	0	
7.70662	1.49337	0	
7.56297	1.52932	1	
7.55378	1.43514	0	
7.71357	1.54613	0	
7.59237	1.41428	1	
7.67909	1.40094	0	
7.59954	1.45106	1	
# Depth = 6, x = 7.81250 - 8.12500, y = 1.25000 - 1.56250
8.11923	1.27267	1	
7.98350	1.56103	0	
7.93442	1.47477	0	
8.06877	1.39075	0	
8.05968	1.55820	1	
7.81327	1.36680	0	
7.98084	1.53915	1	
7.99151	1.47309	0	
8.05797	1.46090	1	
7.94993	1.53168	1	
7.99832	1.46054	0	
7.90944	1.43487	1	
7.82041	1.25543	1	
8.01763	1.30224	0	
7.90273	1.41359	0	
7.88782	1.41194	0	
8.00491	1.37662	0	
7.95041	1.29562	1	
8.00647	1.44926	1	
7.84520	1.31569	1	
# Depth = 5, x = 8.12500 - 8.75000, y = 1.25000 - 1.87500
8.49260	1.67609	0	
8.47926	1.75853	1	
8.44122	1.68276	0	
8.54673	1.50096	0	
8.37916	1.70340	1	
8.50394	1.39303	1	
8.24880	1.59807	1	
8.64447	1.67614	1	
8.24712	1.52571	0	
8.22332	1.49992	1	
8.13995	1.41951	0	
8.28309	1.34613	0	
8.43439	1.69316	1	
8.47494	1.27706	1	
8.53909	1.38189	0	
8.58398	1.61094	0	
8.40447	1.77640	1	
8.60565	1.81932	1	
8.15021	1.81929	0	
8.39760	1.61978	0	
# Depth = 6, x = 8.75000 - 9.06250, y = 2.18750 - 2.50000
8.87770	2.23450	1	
9.01642	2.32917	0	
8.99404	2.24214	0	
8.87037	2.27559	1	
8.83414	2.43278	1	
8.82606	2.34631	0	
8.90369	2.37143	0	
8.82135	2.26033	0	
8.96600	2.41750	1	
9.02084	2.26699	1	
8.89874	2.37897	1	
8.85074	2.32698	1	
8.90866	2.43834	1	
9.05477	2.41311	0	
8.88835	2.48157	0	
9.03111	2.42432	1	
8.96091	2.25909	0	
8.91029	2.29939	0	
8.79629	2.46103	0	
8.86617	2.36182	0	
# Depth = 6, x = 9.06250 - 9.37500, y = 2.18750 - 2.50000
9.29603	2.37185	1	
9.29434	2.32024	0	
9.30848	2.23529	1	
9.06535	2.48063	0	
9.15025	2.19165	0	
9.19485	2.30345	0	
9.15888	2.48103	1	
9.15358	2.38039	1	
9.28792	2.45153	0	
9.10353	2.23187	0	
9.10651	2.46910	0	
9.15381	2.29325	1	
9.07385	2.18832	0	
9.23527	2.35860	1	
9.12185	2.19778	0	
9.34368	2.30525	0	
9.23295	2.31482	1	
9.20570	2.44915	1	
9.23390	2.20245	0	
9.35701	2.36987	1	
# Depth = 6, x = 8.75000 - 9.06250, y = 1.87500 - 2.18750
8.79988	2.15069	1	
9.04222	2.13035	0	
8.99837	2.09902	1	
8.90821	1.96821	1	
9.00831	2.01150	0	
8.78377	2.15400	1	
8.88732	2.10144	0	
8.92146	1.95070	0	
8.89799	1.98598	1	
8.88504	2.01548	1	
8.98213	2.10415	1	
8.83612	1.91752	0	
8.85978	2.00602	1	
9.04069	2.02957	0	
9.00436	2.04697	0	
8.82908	1.93697	0	
8.85406	2.06764	0	
9.01323	2.07579	1	
8.93808	1.91855	1	
8.84941	1.89331	0	
# Depth = 6, x = 9.06250 - 9.37500, y = 1.87500 - 2.18750
9.23256	2.16945	0	
9.30101	1.97025	1	
9.30977	2.01626	0	
9.36376	1.96826	1	
9.10229	2.16957	0	
9.11996	2.06898	1	
9.20276	1.99278	0	
9.31607	2.17371	0	
9.19507	2.11011	0	
9.33813	2.10477	1	
9.35398	1.89521	0	
9.29919	1.99026	0	
9.24826	1.96731	0	
9.09343	1.93083	0	
9.23166	2.06009	0	
9.29139	2.15385	1	
9.09166	1.88031	1	
9.27606	2.16131	0	
9.30784	1.89417	0	
9.09178	2.11195	0	
# Depth = 6, x = 9.37500 - 9.68750, y = 2.18750 - 2.50000
9.45384	2.40745	1	
9.68219	2.29705	1	
9.50916	2.41732	1	
9.41023	2.19165	0	
9.46821	2.27934	1	
9.47772	2.45896	0	
9.67529	2.20317	0	
9.42532	2.22392	0	
9.51750	2.29049	0	
9.58121	2.46548	0	
9.39178	2.41190	0	
9.48410	2.22130	1	
9.49926	2.22645	0	
9.43338	2.24551	1	
9.41174	2.32139	0	
9.57764	2.46960	1	
9.42972	2.36840	0	
9.57281	2.43650	0	
9.52320	2.47036	0	
9.54305	2.48882	0	
# Depth = 6, x = 9.68750 - 10.00000, y = 2.18750 - 2.50000
9.89406	2.29532	1	
9.96323	2.29158	1	
9.86767	2.48069	1	
9.76539	2.34157	1	
9.91783	2.40504	0	
9.73825	2.30371	0	
9.96659	2.40634	0	
9.77681	2.44563	1	
9.85018	2.43115	0	
9.74097	2.30349	1	
9.77346	2.45066	0	
9.85395	2.44877	1	
9.86359	2.27209	0	
9.96668	2.28243	0	
9.74290	2.28278	1	
9.84408	2.42566	1	
9.83026	2.22309	1	
9.75261	2.19239	0	
9.98791	2.39169	0	
9.76447	2.32237	0	
# Depth = 6, x = 9.37500 - 9.68750, y = 1.87500 - 2.18750
9.68155	1.91070	1	
9.38357	1.97393	1	
9.48847	1.88588	1	
9.40642	1.90112	1	
9.49056	2.17734	1	
9.40915	1.92534	1	
9.60570	2.05117	1	
9.43881	1.90853	0	
9.62090	2.16087	1	
9.42045	1.91712	0	
9.55103	1.92184	1	
9.56288	1.89535	1	
9.44730	1.88479	0	
9.46603	1.99571	0	
9.42868	2.08509	1	
9.59327	1.97019	0	
9.42657	2.15896	0	
9.60836	2.06966	1	
9.54838	2.07495	1	
9.40079	1.97046	1	
# Depth = 6, x = 9.68750 - 10.00000, y = 1.87500 - 2.18750
9.70134	2.01567	1	
9.87525	1.93789	1	
9.77619	2.03570	1	
9.73448	1.95454	0	
9.95904	2.02747	1	
9.72858	1.99655	1	
9.90540	1.88255	1	
9.72298	1.96877	0	
9.74738	2.14258	1	
9.78700	2.03127	1	
9.78258	1.98436	1	
9.88638	1.94212	0	
9.90833	2.09119	1	
9.70844	2.15869	1	
9.75299	1.95142	1	
9.78393	2.05289	1	
9.91389	1.89204	0	
9.92207	1.98516	1	
9.77243	1.97699	1	
9.99432	2.11479	0	
# Depth = 6, x = 8.75000 - 9.06250, y = 1.56250 - 1.87500
8.80861	1.73415	0	
8.92111	1.58560	1	
8.77614	1.78168	0	
8.89005	1.85092	0	
8.87168	1.61110	0	
8.94511	1.85084	0	
8.84178	1.63437	1	
8.90017	1.69040	0	
8.89382	1.73374	1	
8.83946	1.78791	0	
8.93221	1.61390	1	
8.85553	1.65521	1	
9.03276	1.66094	1	
8.76944	1.59337	1	
8.85533	1.61333	0	
9.03227	1.58156	1	
9.00379	1.70702	0	
9.01835	1.78331	0	
8.81582	1.84616	0	
8.95080	1.79205	0	
# Depth = 6, x = 9.06250 - 9.37500, y = 1.56250 - 1.87500
9.07582	1.74367	1	
9.26060	1.60532	0	
9.06294	1.61551	0	
9.29698	1.62451	0	
9.25571	1.56675	0	
9.28187	1.58219	0	
9.32742	1.70348	1	
9.32624	1.75585	0	
9.25157	1.60833	1	
9.08423	1.77923	1	
9.17469	1.65804	0	
9.14406	1.75938	1	
9.32666	1.64273	1	
9.13563	1.71430	1	
9.14518	1.84058	1	
9.16133	1.73789	1	
9.27654	1.71409	0	
9.29177	1.72336	0	
9.20211	1.77492	0	
9.26375	1.77495	1	
# Depth = 6, x = 8.75000 - 9.06250, y = 1.25000 - 1.56250
8.94550	1.34414	0	
8.78596	1.37452	1	
8.80142	1.26975	1	
8.97257	1.45534	0	
8.88863	1.51478	0	
9.05745	1.47420	0	
9.02532	1.50722	1	
8.78334	1.50827	1	
8.96479	1.42062	1	
8.94258	1.30805	0	
8.83735	1.55221	1	
8.78144	1.56120	1	
8.78895	1.52692	0	
8.75639	1.55180	1	
8.98592	1.46959	0	
8.94917	1.32596	0	
8.83030	1.39255	1	
8.96379	1.52983	0	
8.83145	1.43680	0	
8.90321	1.43098	0	
# Depth = 6, x = 9.06250 - 9.37500, y = 1.25000 - 1.56250
9.26216	1.54238	1	
9.33754	1.52985	0	
9.33745	1.25445	1	
9.26877	1.35708	0	
9.32812	1.30944	0	
9.25786	1.40503	1	
9.26376	1.42711	1	
9.21771	1.31513	1	
9.35747	1.45647	0	
9.17523	1.50984	1	
9.13085	1.31745	1	
9.27090	1.53725	1	
9.21245	1.27629	0	
9.29682	1.35006	1	
9.09003	1.32363	1	
9.11696	1.54296	1	
9.15431	1.44946	1	
9.07695	1.32054	0	
9.31462	1.53434	0	
9.28712	1.30877	0	
# Depth = 6, x = 9.37500 - 9.68750, y = 1.56250 - 1.87500
9.64001	1.57713	1	
9.41479	1.67378	0	
9.48144	1.69097	0	
9.59181	1.85687	0	
9.39546	1.75653	0	
9.51412	1.68878	1	
9.61381	1.60440	1	
9.45841	1.80478	1	
9.68703	1.58092	0	
9.55796	1.59628	1	
9.65260	1.68300	0	
9.64939	1.64627	0	
9.51213	1.67660	1	
9.64863	1.87010	1	
9.42256	1.83340	0	
9.48574	1.76450	0	
9.43638	1.77022	1	
9.56205	1.64281	0	
9.65533	1.59999	0	
9.67792	1.86769	1	
# Depth = 6, x = 9.68750 - 10.00000, y = 1.56250 - 1.87500
9.88169	1.81794	0	
9.88562	1.63744	0	
9.80685	1.64548	0	
9.75424	1.57032	1	
9.92867	1.84541	1	
9.84823	1.64898	0	
9.73829	1.74332	0	
9.90583	1.73451	0	
9.77927	1.69176	1	
9.89975	1.63085	1	
9.74343	1.85859	1	
9.74766	1.83629	1	
9.77273	1.69901	1	
9.85274	1.81513	0	
9.99927	1.61089	0	
9.80696	1.69253	1	
9.72778	1.74971	1	
9.81434	1.78970	1	
9.97752	1.57390	1	
9.70418	1.61704	0	
# Depth = 6, x = 9.37500 - 9.68750, y = 1.25000 - 1.56250
9.48407	1.35159	0	
9.65627	1.29823	0	
9.64875	1.49501	1	
9.44153	1.29162	0	
9.45128	1.31665	1	
9.51686	1.33119	0	
9.59564	1.29728	1	
9.65683	1.33338	1	
9.54870	1.55834	0	
9.59242	1.40729	1	
9.62123	1.47577	0	
9.67107	1.34840	1	
9.55999	1.49509	1	
9.52069	1.41861	0	
9.50418	1.46602	0	
9.58393	1.37920	0	
9.54789	1.42030	1	
9.60400	1.37978	0	
9.46152	1.54989	1	
9.48086	1.35589	0	
# Depth = 6, x = 9.68750 - 10.00000, y = 1.25000 - 1.56250
9.81634	1.36763	1	
9.92518	1.52651	1	
9.74825	1.27057	0	
9.84056	1.25988	1	
9.92596	1.40670	1	
9.71516	1.51338	0	
9.91036	1.49228	1	
9.78315	1.36681	1	
9.73134	1.47954	1	
9.71387	1.46081	1	
9.89025	1.53810	1	
9.88769	1.45535	1	
9.82040	1.33767	1	
9.87367	1.45314	1	
9.89815	1.29294	0	
9.70316	1.36375	0	
9.86169	1.39781	1	
9.77162	1.31040	0	
9.86357	1.28732	0	
9.88362	1.30054	1	
# Depth = 4, x = 7.50000 - 8.75000, y = 0.00000 - 1.25000
7.90022	1.13225	1	
7.90181	0.28185	0	
8.23087	0.45723	0	
7.50930	0.36844	0	
8.19404	1.18197	0	
8.59977	0.03452	1	
7.64330	0.03262	0	
7.97768	0.05826	1	
8.38332	0.34877	1	
8.04246	1.11590	0	
7.85637	0.62915	0	
7.95912	0.68752	1	
8.08214	1.08745	0	
7.94187	1.15215	0	
7.90535	0.68400	1	
7.65999	0.30603	1	
8.48476	1.01160	0	
8.17785	0.29180	0	
8.60981	0.86138	0	
7.80771	1.03823	1	
# Depth = 6, x = 8.75000 - 9.06250, y = 0.93750 - 1.25000
8.79952	1.03276	0	
8.78606	0.96003	0	
8.85008	0.96096	0	
8.94938	1.24812	0	
8.89304	1.07525	0	
8.99098	0.95403	0	
8.84942	1.17814	1	
8.92856	1.21987	0	
8.93681	1.06368	0	
8.78746	1.21752	0	
8.97219	0.98226	0	
9.02778	1.24380	0	
8.97997	0.95203	0	
8.79297	1.12123	0	
8.96433	1.19647	1	
9.05224	0.98973	0	
8.85355	1.04374	1	
8.87629	1.19829	1	
8.91197	1.00750	0	
9.05596	1.12445	1	
# Depth = 6, x = 9.06250 - 9.37500, y = 0.93750 - 1.25000
9.13967	1.00509	1	
9.31755	1.17053	1	
9.17402	0.96580	0	
9.32238	1.06526	1	
9.26316	1.09777	0	
9.23333	1.17180	1	
9.12041	1.04298	1	
9.36877	1.05423	1	
9.32265	1.22423	0	
9.36622	1.13760	1	
9.34717	1.02349	0	
9.17410	1.02975	1	
9.25815	1.01515	0	
9.22084	0.99652	0	
9.07975	1.06468	0	
9.07529	1.16509	0	
9.31064	1.16960	0	
9.22200	1.11904	0	
9.28748	1.22071	1	
9.37302	1.21528	0	
# Depth = 6, x = 8.75000 - 9.06250, y = 0.62500 - 0.93750
8.79748	0.65890	0	
9.02975	0.81826	0	
9.04603	0.64400	0	
8.95579	0.70648	0	
8.87480	0.75471	0	
8.97190	0.78777	0	
8.82118	0.70223	0	
8.86983	0.81602	0	
8.99536	0.86047	1	
8.80758	0.86225	1	
8.80158	0.89611	1	
8.85134	0.84037	1	
8.94204	0.77364	1	
8.89846	0.69193	1	
9.03862	0.70921	1	
8.92307	0.72679	1	
8.83893	0.77285	1	
8.94945	0.81368	1	
8.94420	0.70742	0	
8.88349	0.88209	1	
# Depth = 6, x = 9.06250 - 9.37500, y = 0.62500 - 0.93750
9.20163	0.62845	1	
9.07632	0.82832	0	
9.30457	0.67862	0	
9.09297	0.92938	1	
9.13963	0.68193	1	
9.13944	0.77786	0	
9.28455	0.62724	1	
9.08058	0.68598	1	
9.22320	0.67238	0	
9.15500	0.63887	1	
9.20522	0.91579	0	
9.30275	0.81698	1	
9.06934	0.81648	0	
9.09844	0.75437	0	
9.11601	0.84033	1	
9.16931	0.72639	1	
9.07993	0.65349	1	
9.34141	0.68636	1	
9.29886	0.65503	0	
9.10656	0.75708	0	
# Depth = 6, x = 9.37500 - 9.68750, y = 0.93750 - 1.25000
9.65579	1.09509	0	
9.42006	1.15298	1	
9.45735	1.22366	0	
9.65683	1.17024	1	
9.64957	0.95845	1	
9.64360	1.18461	1	
9.54791	1.14899	0	
9.42032	1.14057	0	
9.48825	0.94256	1	
9.54308	1.01640	1	
9.45136	1.10795	1	
9.61225	1.14211	1	
9.63574	1.11992	1	
9.61038	1.02209	0	
9.61468	1.11612	1	
9.52732	1.13672	0	
9.40227	0.94281	0	
9.50395	1.12333	0	
9.67281	0.95191	1	
9.40658	1.12905	1	
# Depth = 6, x = 9.68750 - 10.00000, y = 0.93750 - 1.25000
9.70075	0.95419	1	
9.73536	1.11524	1	
9.86670	1.17486	1	
9.91072	1.13586	0	
9.89284	1.21055	1	
9.79085	1.08731	0	
9.81693	0.99099	0	
9.76999	1.23623	1	
9.73099	0.95490	1	
9.95845	1.03839	0	
9.85613	1.12532	0	
9.78801	1.16600	1	
9.76026	1.01404	1	
9.76651	0.98968	1	
9.80720	1.03910	1	
9.96093	1.15447	0	
9.96296	1.13103	1	
9.74160	1.07365	1	
9.98569	1.13085	1	
9.80179	1.02676	1	
# Depth = 6, x = 9.37500 - 9.68750, y = 0.62500 - 0.93750
9.44293	0.71803	1	
9.39105	0.68904	0	
9.54897	0.91123	1	
9.52441	0.66845	0	
9.43616	0.86622	0	
9.53363	0.64731	1	
9.43227	0.66920	1	
9.43426	0.89252	0	
9.45051	0.87991	1	
9.45782	0.63601	1	
9.66128	0.89021	0	
9.59317	0.73381	1	
9.48205	0.84001	1	
9.48218	0.87585	1	
9.65101	0.66520	1	
9.45097	0.72353	1	
9.43509	0.78196	0	
9.61918	0.71117	1	
9.56308	0.76657	1	
9.55989	0.78613	0	
# Depth = 6, x = 9.68750 - 10.00000, y = 0.62500 - 0.93750
9.91812	0.80261	1	
9.86697	0.65013	1	
9.68834	0.79481	1	
9.98658	0.81345	1	
9.86323	0.76538	1	
9.72052	0.84580	0	
9.99867	0.80572	1	
9.75417	0.92126	0	
9.88537	0.65489	0	
9.74514	0.87039	1	
9.88799	0.65311	1	
9.77312	0.85030	0	
9.75892	0.76450	1	
9.85858	0.67279	1	
9.75344	0.66957	1	
9.91816	0.63650	0	
9.69491	0.76181	0	
9.90535	0.74022	1	
9.90262	0.64496	0	
9.98329	0.65763	0	
# Depth = 5, x = 8.75000 - 9.37500, y = 0.00000 - 0.62500
9.13895	0.30806	1	
9.31618	0.26985	0	
8.83780	0.01339	1	
9.16412	0.37895	1	
8.95831	0.49946	1	
8.88356	0.27549	0	
9.13563	0.55115	1	
9.03064	0.43897	1	
9.36489	0.21324	0	
9.02160	0.22779	1	
9.17657	0.59766	0	
9.16582	0.33520	0	
8.95951	0.48936	0	
8.80533	0.15923	1	
9.23396	0.37980	0	
8.93210	0.42301	0	
9.35999	0.39414	1	
8.92570	0.17816	1	
9.23526	0.19455	1	
8.95741	0.62171	1	
# Depth = 5, x = 9.37500 - 10.00000, y = 0.00000 - 0.62500
9.86728	0.09072	1	
9.53469	0.18623	0	
9.58266	0.50665	0	
9.52972	0.36488	1	
9.91552	0.52296	1	
9.56453	0.09050	1	
9.66762	0.00894	1	
9.99958	0.57929	1	
9.66703	0.24297	0	
9.39358	0.61989	0	
9.95224	0.28581	0	
9.61992	0.49800	1	
9.88483	0.20840	0	
9.63843	0.00859	1	
9.42215	0.06544	0	
9.76982	0.09388	1	
9.96561	0.09268	0	
9.75121	0.28144	0	
9.43621	0.60064	0	
9.57948	0.03247	1	
