# Depth 	 x_min 	 x_max 	 y_min 	 y_max 	 node value
3	-5.00000	-3.50000	16.25000	20.00000	12.000	
5	-3.50000	-3.12500	19.06250	20.00000	12.000	
6	-3.12500	-2.93750	19.53125	20.00000	12.000	
7	-2.93750	-2.84375	19.76562	20.00000	12.000	
7	-2.84375	-2.75000	19.76562	20.00000	12.000	
7	-2.93750	-2.84375	19.53125	19.76562	12.000	
7	-2.84375	-2.75000	19.53125	19.76562	11.915	
7	-3.12500	-3.03125	19.29688	19.53125	12.000	
7	-3.03125	-2.93750	19.29688	19.53125	12.000	
7	-3.12500	-3.03125	19.06250	19.29688	12.000	
7	-3.03125	-2.93750	19.06250	19.29688	12.000	
7	-2.93750	-2.84375	19.29688	19.53125	11.979	
7	-2.84375	-2.75000	19.29688	19.53125	11.519	
7	-2.93750	-2.84375	19.06250	19.29688	11.877	
7	-2.84375	-2.75000	19.06250	19.29688	11.106	
5	-3.50000	-3.12500	18.12500	19.06250	12.000	
7	-3.12500	-3.03125	18.82812	19.06250	12.000	
7	-3.03125	-2.93750	18.82812	19.06250	12.000	
7	-3.12500	-3.03125	18.59375	18.82812	12.000	
7	-3.03125	-2.93750	18.59375	18.82812	12.000	
7	-2.93750	-2.84375	18.82812	19.06250	11.928	
7	-2.84375	-2.75000	18.82812	19.06250	10.796	
7	-2.93750	-2.84375	18.59375	18.82812	11.843	
7	-2.84375	-2.75000	18.59375	18.82812	10.547	
7	-3.12500	-3.03125	18.35938	18.59375	12.000	
7	-3.03125	-2.93750	18.35938	18.59375	12.000	
7	-3.12500	-3.03125	18.12500	18.35938	12.000	
7	-3.03125	-2.93750	18.12500	18.35938	12.000	
7	-2.93750	-2.84375	18.35938	18.59375	11.832	
7	-2.84375	-2.75000	18.35938	18.59375	10.600	
7	-2.93750	-2.84375	18.12500	18.35938	11.888	
7	-2.84375	-2.75000	18.12500	18.35938	10.479	
7	-2.75000	-2.65625	19.76562	20.00000	12.000	
7	-2.65625	-2.56250	19.76562	20.00000	12.000	
7	-2.75000	-2.65625	19.53125	19.76562	11.733	
7	-2.65625	-2.56250	19.53125	19.76562	11.893	
7	-2.56250	-2.46875	19.76562	20.00000	12.000	
7	-2.46875	-2.37500	19.76562	20.00000	12.000	
7	-2.56250	-2.46875	19.53125	19.76562	12.000	
7	-2.46875	-2.37500	19.53125	19.76562	12.000	
7	-2.75000	-2.65625	19.29688	19.53125	11.130	
7	-2.65625	-2.56250	19.29688	19.53125	11.234	
7	-2.75000	-2.65625	19.06250	19.29688	10.591	
7	-2.65625	-2.56250	19.06250	19.29688	10.464	
7	-2.56250	-2.46875	19.29688	19.53125	11.701	
7	-2.46875	-2.37500	19.29688	19.53125	12.000	
7	-2.56250	-2.46875	19.06250	19.29688	10.838	
7	-2.46875	-2.37500	19.06250	19.29688	11.742	
6	-2.37500	-2.18750	19.53125	20.00000	12.000	
6	-2.18750	-2.00000	19.53125	20.00000	12.000	
7	-2.37500	-2.28125	19.29688	19.53125	12.000	
7	-2.28125	-2.18750	19.29688	19.53125	12.000	
7	-2.37500	-2.28125	19.06250	19.29688	12.000	
7	-2.28125	-2.18750	19.06250	19.29688	12.000	
6	-2.18750	-2.00000	19.06250	19.53125	12.000	
7	-2.75000	-2.65625	18.82812	19.06250	10.123	
7	-2.65625	-2.56250	18.82812	19.06250	9.735	
7	-2.75000	-2.65625	18.59375	18.82812	9.658	
7	-2.65625	-2.56250	18.59375	18.82812	9.249	
7	-2.56250	-2.46875	18.82812	19.06250	10.009	
7	-2.46875	-2.37500	18.82812	19.06250	10.772	
7	-2.56250	-2.46875	18.59375	18.82812	9.252	
7	-2.46875	-2.37500	18.59375	18.82812	9.858	
7	-2.75000	-2.65625	18.35938	18.59375	9.426	
7	-2.65625	-2.56250	18.35938	18.59375	8.785	
7	-2.75000	-2.65625	18.12500	18.35938	9.100	
7	-2.65625	-2.56250	18.12500	18.35938	8.275	
7	-2.56250	-2.46875	18.35938	18.59375	8.624	
7	-2.46875	-2.37500	18.35938	18.59375	9.028	
7	-2.56250	-2.46875	18.12500	18.35938	8.009	
7	-2.46875	-2.37500	18.12500	18.35938	8.166	
7	-2.37500	-2.28125	18.82812	19.06250	11.700	
7	-2.28125	-2.18750	18.82812	19.06250	12.000	
7	-2.37500	-2.28125	18.59375	18.82812	10.883	
7	-2.28125	-2.18750	18.59375	18.82812	11.818	
7	-2.18750	-2.09375	18.82812	19.06250	12.000	
7	-2.09375	-2.00000	18.82812	19.06250	12.000	
7	-2.18750	-2.09375	18.59375	18.82812	12.000	
7	-2.09375	-2.00000	18.59375	18.82812	12.000	
7	-2.37500	-2.28125	18.35938	18.59375	9.847	
7	-2.28125	-2.18750	18.35938	18.59375	11.090	
7	-2.37500	-2.28125	18.12500	18.35938	9.019	
7	-2.28125	-2.18750	18.12500	18.35938	10.049	
7	-2.18750	-2.09375	18.35938	18.59375	11.972	
7	-2.09375	-2.00000	18.35938	18.59375	12.000	
7	-2.18750	-2.09375	18.12500	18.35938	11.483	
7	-2.09375	-2.00000	18.12500	18.35938	12.000	
5	-3.50000	-3.12500	17.18750	18.12500	12.000	
6	-3.12500	-2.93750	17.65625	18.12500	12.000	
7	-2.93750	-2.84375	17.89062	18.12500	11.955	
7	-2.84375	-2.75000	17.89062	18.12500	10.411	
7	-2.93750	-2.84375	17.65625	17.89062	11.981	
7	-2.84375	-2.75000	17.65625	17.89062	10.686	
6	-3.12500	-2.93750	17.18750	17.65625	12.000	
7	-2.93750	-2.84375	17.42188	17.65625	12.000	
7	-2.84375	-2.75000	17.42188	17.65625	11.017	
7	-2.93750	-2.84375	17.18750	17.42188	12.000	
7	-2.84375	-2.75000	17.18750	17.42188	11.452	
5	-3.50000	-3.12500	16.25000	17.18750	12.000	
6	-3.12500	-2.93750	16.71875	17.18750	12.000	
7	-2.93750	-2.84375	16.95312	17.18750	12.000	
7	-2.84375	-2.75000	16.95312	17.18750	11.388	
7	-2.93750	-2.84375	16.71875	16.95312	12.000	
7	-2.84375	-2.75000	16.71875	16.95312	11.822	
6	-3.12500	-2.93750	16.25000	16.71875	12.000	
7	-2.93750	-2.84375	16.48438	16.71875	12.000	
7	-2.84375	-2.75000	16.48438	16.71875	11.971	
7	-2.93750	-2.84375	16.25000	16.48438	12.000	
7	-2.84375	-2.75000	16.25000	16.48438	11.998	
7	-2.75000	-2.65625	17.89062	18.12500	8.959	
7	-2.65625	-2.56250	17.89062	18.12500	8.023	
7	-2.75000	-2.65625	17.65625	17.89062	8.988	
7	-2.65625	-2.56250	17.65625	17.89062	7.786	
7	-2.56250	-2.46875	17.89062	18.12500	7.557	
7	-2.46875	-2.37500	17.89062	18.12500	7.522	
7	-2.56250	-2.46875	17.65625	17.89062	7.117	
7	-2.46875	-2.37500	17.65625	17.89062	6.944	
7	-2.75000	-2.65625	17.42188	17.65625	9.205	
7	-2.65625	-2.56250	17.42188	17.65625	7.764	
7	-2.75000	-2.65625	17.18750	17.42188	9.062	
7	-2.65625	-2.56250	17.18750	17.42188	7.589	
7	-2.56250	-2.46875	17.42188	17.65625	6.788	
7	-2.46875	-2.37500	17.42188	17.65625	6.439	
7	-2.56250	-2.46875	17.18750	17.42188	6.648	
7	-2.46875	-2.37500	17.18750	17.42188	6.071	
7	-2.37500	-2.28125	17.89062	18.12500	7.958	
7	-2.28125	-2.18750	17.89062	18.12500	8.962	
7	-2.37500	-2.28125	17.65625	17.89062	7.215	
7	-2.28125	-2.18750	17.65625	17.89062	8.190	
7	-2.18750	-2.09375	17.89062	18.12500	10.518	
7	-2.09375	-2.00000	17.89062	18.12500	11.764	
7	-2.18750	-2.09375	17.65625	17.89062	9.209	
7	-2.09375	-2.00000	17.65625	17.89062	11.058	
7	-2.37500	-2.28125	17.42188	17.65625	6.560	
7	-2.28125	-2.18750	17.42188	17.65625	7.190	
7	-2.37500	-2.28125	17.18750	17.42188	5.928	
7	-2.28125	-2.18750	17.18750	17.42188	6.430	
7	-2.18750	-2.09375	17.42188	17.65625	8.227	
7	-2.09375	-2.00000	17.42188	17.65625	10.108	
7	-2.18750	-2.09375	17.18750	17.42188	7.167	
7	-2.09375	-2.00000	17.18750	17.42188	8.670	
7	-2.75000	-2.65625	16.95312	17.18750	9.468	
7	-2.65625	-2.56250	16.95312	17.18750	7.761	
7	-2.75000	-2.65625	16.71875	16.95312	9.627	
7	-2.65625	-2.56250	16.71875	16.95312	7.850	
7	-2.56250	-2.46875	16.95312	17.18750	6.685	
7	-2.46875	-2.37500	16.95312	17.18750	5.746	
7	-2.56250	-2.46875	16.71875	16.95312	6.386	
7	-2.46875	-2.37500	16.71875	16.95312	5.539	
7	-2.75000	-2.65625	16.48438	16.71875	10.099	
7	-2.65625	-2.56250	16.48438	16.71875	8.243	
7	-2.75000	-2.65625	16.25000	16.48438	10.763	
7	-2.65625	-2.56250	16.25000	16.48438	8.568	
7	-2.56250	-2.46875	16.48438	16.71875	6.521	
7	-2.46875	-2.37500	16.48438	16.71875	5.580	
7	-2.56250	-2.46875	16.25000	16.48438	6.641	
7	-2.46875	-2.37500	16.25000	16.48438	5.464	
7	-2.37500	-2.28125	16.95312	17.18750	5.509	
7	-2.28125	-2.18750	16.95312	17.18750	5.726	
7	-2.37500	-2.28125	16.71875	16.95312	5.056	
7	-2.28125	-2.18750	16.71875	16.95312	5.131	
7	-2.18750	-2.09375	16.95312	17.18750	6.407	
7	-2.09375	-2.00000	16.95312	17.18750	7.471	
7	-2.18750	-2.09375	16.71875	16.95312	5.754	
7	-2.09375	-2.00000	16.71875	16.95312	6.867	
7	-2.37500	-2.28125	16.48438	16.71875	4.769	
7	-2.28125	-2.18750	16.48438	16.71875	4.680	
7	-2.37500	-2.28125	16.25000	16.48438	4.564	
7	-2.28125	-2.18750	16.25000	16.48438	4.266	
7	-2.18750	-2.09375	16.48438	16.71875	5.055	
7	-2.09375	-2.00000	16.48438	16.71875	5.961	
7	-2.18750	-2.09375	16.25000	16.48438	4.518	
7	-2.09375	-2.00000	16.25000	16.48438	5.211	
3	-5.00000	-3.50000	12.50000	16.25000	12.000	
5	-3.50000	-3.12500	15.31250	16.25000	12.000	
6	-3.12500	-2.93750	15.78125	16.25000	12.000	
7	-2.93750	-2.84375	16.01562	16.25000	12.000	
7	-2.84375	-2.75000	16.01562	16.25000	12.000	
7	-2.93750	-2.84375	15.78125	16.01562	12.000	
7	-2.84375	-2.75000	15.78125	16.01562	12.000	
6	-3.12500	-2.93750	15.31250	15.78125	12.000	
6	-2.93750	-2.75000	15.31250	15.78125	12.000	
5	-3.50000	-3.12500	14.37500	15.31250	12.000	
6	-3.12500	-2.93750	14.84375	15.31250	12.000	
6	-2.93750	-2.75000	14.84375	15.31250	12.000	
6	-3.12500	-2.93750	14.37500	14.84375	12.000	
6	-2.93750	-2.75000	14.37500	14.84375	12.000	
7	-2.75000	-2.65625	16.01562	16.25000	11.418	
7	-2.65625	-2.56250	16.01562	16.25000	9.158	
7	-2.75000	-2.65625	15.78125	16.01562	11.747	
7	-2.65625	-2.56250	15.78125	16.01562	9.839	
7	-2.56250	-2.46875	16.01562	16.25000	6.783	
7	-2.46875	-2.37500	16.01562	16.25000	5.331	
7	-2.56250	-2.46875	15.78125	16.01562	7.230	
7	-2.46875	-2.37500	15.78125	16.01562	5.460	
7	-2.75000	-2.65625	15.54688	15.78125	11.953	
7	-2.65625	-2.56250	15.54688	15.78125	9.894	
7	-2.75000	-2.65625	15.31250	15.54688	12.000	
7	-2.65625	-2.56250	15.31250	15.54688	10.851	
7	-2.56250	-2.46875	15.54688	15.78125	7.659	
7	-2.46875	-2.37500	15.54688	15.78125	5.823	
7	-2.56250	-2.46875	15.31250	15.54688	8.081	
7	-2.46875	-2.37500	15.31250	15.54688	6.036	
7	-2.37500	-2.28125	16.01562	16.25000	4.480	
7	-2.28125	-2.18750	16.01562	16.25000	3.949	
7	-2.37500	-2.28125	15.78125	16.01562	4.390	
7	-2.28125	-2.18750	15.78125	16.01562	3.742	
7	-2.18750	-2.09375	16.01562	16.25000	3.968	
7	-2.09375	-2.00000	16.01562	16.25000	4.454	
7	-2.18750	-2.09375	15.78125	16.01562	3.589	
7	-2.09375	-2.00000	15.78125	16.01562	3.902	
7	-2.37500	-2.28125	15.54688	15.78125	4.541	
7	-2.28125	-2.18750	15.54688	15.78125	3.658	
7	-2.37500	-2.28125	15.31250	15.54688	4.617	
7	-2.28125	-2.18750	15.31250	15.54688	3.630	
7	-2.18750	-2.09375	15.54688	15.78125	3.266	
7	-2.09375	-2.00000	15.54688	15.78125	3.414	
7	-2.18750	-2.09375	15.31250	15.54688	3.051	
7	-2.09375	-2.00000	15.31250	15.54688	3.012	
7	-2.75000	-2.65625	15.07812	15.31250	12.000	
7	-2.65625	-2.56250	15.07812	15.31250	11.583	
7	-2.75000	-2.65625	14.84375	15.07812	12.000	
7	-2.65625	-2.56250	14.84375	15.07812	11.751	
7	-2.56250	-2.46875	15.07812	15.31250	8.593	
7	-2.46875	-2.37500	15.07812	15.31250	6.495	
7	-2.56250	-2.46875	14.84375	15.07812	9.647	
7	-2.46875	-2.37500	14.84375	15.07812	6.938	
7	-2.75000	-2.65625	14.60938	14.84375	12.000	
7	-2.65625	-2.56250	14.60938	14.84375	11.987	
7	-2.75000	-2.65625	14.37500	14.60938	12.000	
7	-2.65625	-2.56250	14.37500	14.60938	12.000	
7	-2.56250	-2.46875	14.60938	14.84375	10.622	
7	-2.46875	-2.37500	14.60938	14.84375	7.813	
7	-2.56250	-2.46875	14.37500	14.60938	10.740	
7	-2.46875	-2.37500	14.37500	14.60938	8.601	
7	-2.37500	-2.28125	15.07812	15.31250	4.836	
7	-2.28125	-2.18750	15.07812	15.31250	3.689	
7	-2.37500	-2.28125	14.84375	15.07812	5.390	
7	-2.28125	-2.18750	14.84375	15.07812	3.762	
7	-2.18750	-2.09375	15.07812	15.31250	2.951	
7	-2.09375	-2.00000	15.07812	15.31250	2.726	
7	-2.18750	-2.09375	14.84375	15.07812	2.920	
7	-2.09375	-2.00000	14.84375	15.07812	2.457	
7	-2.37500	-2.28125	14.60938	14.84375	5.847	
7	-2.28125	-2.18750	14.60938	14.84375	4.015	
7	-2.37500	-2.28125	14.37500	14.60938	6.102	
7	-2.28125	-2.18750	14.37500	14.60938	4.345	
7	-2.18750	-2.09375	14.60938	14.84375	2.989	
7	-2.09375	-2.00000	14.60938	14.84375	2.374	
7	-2.18750	-2.09375	14.37500	14.60938	3.214	
7	-2.09375	-2.00000	14.37500	14.60938	2.355	
5	-3.50000	-3.12500	13.43750	14.37500	12.000	
5	-3.12500	-2.75000	13.43750	14.37500	12.000	
5	-3.50000	-3.12500	12.50000	13.43750	12.000	
5	-3.12500	-2.75000	12.50000	13.43750	12.000	
7	-2.75000	-2.65625	14.14062	14.37500	12.000	
7	-2.65625	-2.56250	14.14062	14.37500	12.000	
7	-2.75000	-2.65625	13.90625	14.14062	12.000	
7	-2.65625	-2.56250	13.90625	14.14062	12.000	
7	-2.56250	-2.46875	14.14062	14.37500	11.502	
7	-2.46875	-2.37500	14.14062	14.37500	9.550	
7	-2.56250	-2.46875	13.90625	14.14062	11.962	
7	-2.46875	-2.37500	13.90625	14.14062	10.368	
6	-2.75000	-2.56250	13.43750	13.90625	12.000	
7	-2.56250	-2.46875	13.67188	13.90625	12.000	
7	-2.46875	-2.37500	13.67188	13.90625	11.106	
7	-2.56250	-2.46875	13.43750	13.67188	12.000	
7	-2.46875	-2.37500	13.43750	13.67188	11.521	
7	-2.37500	-2.28125	14.14062	14.37500	6.860	
7	-2.28125	-2.18750	14.14062	14.37500	4.818	
7	-2.37500	-2.28125	13.90625	14.14062	7.855	
7	-2.28125	-2.18750	13.90625	14.14062	5.537	
7	-2.18750	-2.09375	14.14062	14.37500	3.329	
7	-2.09375	-2.00000	14.14062	14.37500	2.495	
7	-2.18750	-2.09375	13.90625	14.14062	3.773	
7	-2.09375	-2.00000	13.90625	14.14062	2.555	
7	-2.37500	-2.28125	13.67188	13.90625	8.293	
7	-2.28125	-2.18750	13.67188	13.90625	6.115	
7	-2.37500	-2.28125	13.43750	13.67188	9.040	
7	-2.28125	-2.18750	13.43750	13.67188	6.790	
7	-2.18750	-2.09375	13.67188	13.90625	4.186	
7	-2.09375	-2.00000	13.67188	13.90625	2.781	
7	-2.18750	-2.09375	13.43750	13.67188	4.654	
7	-2.09375	-2.00000	13.43750	13.67188	2.982	
6	-2.75000	-2.56250	12.96875	13.43750	12.000	
7	-2.56250	-2.46875	13.20312	13.43750	12.000	
7	-2.46875	-2.37500	13.20312	13.43750	11.982	
7	-2.56250	-2.46875	12.96875	13.20312	12.000	
7	-2.46875	-2.37500	12.96875	13.20312	12.000	
6	-2.75000	-2.56250	12.50000	12.96875	12.000	
7	-2.56250	-2.46875	12.73438	12.96875	12.000	
7	-2.46875	-2.37500	12.73438	12.96875	12.000	
7	-2.56250	-2.46875	12.50000	12.73438	12.000	
7	-2.46875	-2.37500	12.50000	12.73438	12.000	
7	-2.37500	-2.28125	13.20312	13.43750	10.118	
7	-2.28125	-2.18750	13.20312	13.43750	7.214	
7	-2.37500	-2.28125	12.96875	13.20312	11.017	
7	-2.28125	-2.18750	12.96875	13.20312	8.366	
7	-2.18750	-2.09375	13.20312	13.43750	5.184	
7	-2.09375	-2.00000	13.20312	13.43750	3.610	
7	-2.18750	-2.09375	12.96875	13.20312	5.932	
7	-2.09375	-2.00000	12.96875	13.20312	4.089	
7	-2.37500	-2.28125	12.73438	12.96875	11.673	
7	-2.28125	-2.18750	12.73438	12.96875	9.317	
7	-2.37500	-2.28125	12.50000	12.73438	11.991	
7	-2.28125	-2.18750	12.50000	12.73438	10.275	
7	-2.18750	-2.09375	12.73438	12.96875	6.605	
7	-2.09375	-2.00000	12.73438	12.96875	4.906	
7	-2.18750	-2.09375	12.50000	12.73438	7.738	
7	-2.09375	-2.00000	12.50000	12.73438	5.648	
4	-2.00000	-1.25000	18.12500	20.00000	12.000	
4	-1.25000	-0.50000	18.12500	20.00000	12.000	
7	-2.00000	-1.90625	17.89062	18.12500	12.000	
7	-1.90625	-1.81250	17.89062	18.12500	12.000	
7	-2.00000	-1.90625	17.65625	17.89062	12.000	
7	-1.90625	-1.81250	17.65625	17.89062	12.000	
6	-1.81250	-1.62500	17.65625	18.12500	12.000	
7	-2.00000	-1.90625	17.42188	17.65625	11.423	
7	-1.90625	-1.81250	17.42188	17.65625	12.000	
7	-2.00000	-1.90625	17.18750	17.42188	10.817	
7	-1.90625	-1.81250	17.18750	17.42188	11.987	
6	-1.81250	-1.62500	17.18750	17.65625	12.000	
5	-1.62500	-1.25000	17.18750	18.12500	12.000	
7	-2.00000	-1.90625	16.95312	17.18750	9.635	
7	-1.90625	-1.81250	16.95312	17.18750	11.080	
7	-2.00000	-1.90625	16.71875	16.95312	8.446	
7	-1.90625	-1.81250	16.71875	16.95312	10.210	
7	-1.81250	-1.71875	16.95312	17.18750	12.000	
7	-1.71875	-1.62500	16.95312	17.18750	12.000	
7	-1.81250	-1.71875	16.71875	16.95312	11.984	
7	-1.71875	-1.62500	16.71875	16.95312	12.000	
7	-2.00000	-1.90625	16.48438	16.71875	7.112	
7	-1.90625	-1.81250	16.48438	16.71875	8.887	
7	-2.00000	-1.90625	16.25000	16.48438	6.255	
7	-1.90625	-1.81250	16.25000	16.48438	7.813	
7	-1.81250	-1.71875	16.48438	16.71875	11.248	
7	-1.71875	-1.62500	16.48438	16.71875	12.000	
7	-1.81250	-1.71875	16.25000	16.48438	10.375	
7	-1.71875	-1.62500	16.25000	16.48438	11.923	
6	-1.62500	-1.43750	16.71875	17.18750	12.000	
6	-1.43750	-1.25000	16.71875	17.18750	12.000	
6	-1.62500	-1.43750	16.25000	16.71875	12.000	
6	-1.43750	-1.25000	16.25000	16.71875	12.000	
4	-1.25000	-0.50000	16.25000	18.12500	12.000	
3	-0.50000	1.00000	16.25000	20.00000	12.000	
7	-2.00000	-1.90625	16.01562	16.25000	5.559	
7	-1.90625	-1.81250	16.01562	16.25000	7.022	
7	-2.00000	-1.90625	15.78125	16.01562	4.659	
7	-1.90625	-1.81250	15.78125	16.01562	6.040	
7	-1.81250	-1.71875	16.01562	16.25000	9.042	
7	-1.71875	-1.62500	16.01562	16.25000	11.245	
7	-1.81250	-1.71875	15.78125	16.01562	7.704	
7	-1.71875	-1.62500	15.78125	16.01562	10.107	
7	-2.00000	-1.90625	15.54688	15.78125	3.999	
7	-1.90625	-1.81250	15.54688	15.78125	5.152	
7	-2.00000	-1.90625	15.31250	15.54688	3.379	
7	-1.90625	-1.81250	15.31250	15.54688	4.392	
7	-1.81250	-1.71875	15.54688	15.78125	6.786	
7	-1.71875	-1.62500	15.54688	15.78125	8.751	
7	-1.81250	-1.71875	15.31250	15.54688	5.892	
7	-1.71875	-1.62500	15.31250	15.54688	7.588	
7	-1.62500	-1.53125	16.01562	16.25000	12.000	
7	-1.53125	-1.43750	16.01562	16.25000	12.000	
7	-1.62500	-1.53125	15.78125	16.01562	11.820	
7	-1.53125	-1.43750	15.78125	16.01562	12.000	
6	-1.43750	-1.25000	15.78125	16.25000	12.000	
7	-1.62500	-1.53125	15.54688	15.78125	11.387	
7	-1.53125	-1.43750	15.54688	15.78125	12.000	
7	-1.62500	-1.53125	15.31250	15.54688	10.294	
7	-1.53125	-1.43750	15.31250	15.54688	11.932	
6	-1.43750	-1.25000	15.31250	15.78125	12.000	
7	-2.00000	-1.90625	15.07812	15.31250	2.902	
7	-1.90625	-1.81250	15.07812	15.31250	3.685	
7	-2.00000	-1.90625	14.84375	15.07812	2.556	
7	-1.90625	-1.81250	14.84375	15.07812	3.123	
7	-1.81250	-1.71875	15.07812	15.31250	4.857	
7	-1.71875	-1.62500	15.07812	15.31250	6.599	
7	-1.81250	-1.71875	14.84375	15.07812	4.281	
7	-1.71875	-1.62500	14.84375	15.07812	5.805	
7	-2.00000	-1.90625	14.60938	14.84375	2.209	
7	-1.90625	-1.81250	14.60938	14.84375	2.571	
7	-2.00000	-1.90625	14.37500	14.60938	2.009	
7	-1.90625	-1.81250	14.37500	14.60938	2.248	
7	-1.81250	-1.71875	14.60938	14.84375	3.496	
7	-1.71875	-1.62500	14.60938	14.84375	4.883	
7	-1.81250	-1.71875	14.37500	14.60938	2.825	
7	-1.71875	-1.62500	14.37500	14.60938	4.019	
7	-1.62500	-1.53125	15.07812	15.31250	8.739	
7	-1.53125	-1.43750	15.07812	15.31250	11.411	
7	-1.62500	-1.53125	14.84375	15.07812	7.742	
7	-1.53125	-1.43750	14.84375	15.07812	10.417	
7	-1.43750	-1.34375	15.07812	15.31250	12.000	
7	-1.34375	-1.25000	15.07812	15.31250	12.000	
7	-1.43750	-1.34375	14.84375	15.07812	11.974	
7	-1.34375	-1.25000	14.84375	15.07812	12.000	
7	-1.62500	-1.53125	14.60938	14.84375	6.636	
7	-1.53125	-1.43750	14.60938	14.84375	9.251	
7	-1.62500	-1.53125	14.37500	14.60938	5.884	
7	-1.53125	-1.43750	14.37500	14.60938	8.043	
7	-1.43750	-1.34375	14.60938	14.84375	11.485	
7	-1.34375	-1.25000	14.60938	14.84375	12.000	
7	-1.43750	-1.34375	14.37500	14.60938	10.612	
7	-1.34375	-1.25000	14.37500	14.60938	11.988	
5	-1.25000	-0.87500	15.31250	16.25000	12.000	
5	-0.87500	-0.50000	15.31250	16.25000	12.000	
5	-1.25000	-0.87500	14.37500	15.31250	12.000	
5	-0.87500	-0.50000	14.37500	15.31250	12.000	
7	-2.00000	-1.90625	14.14062	14.37500	1.862	
7	-1.90625	-1.81250	14.14062	14.37500	1.896	
7	-2.00000	-1.90625	13.90625	14.14062	1.890	
7	-1.90625	-1.81250	13.90625	14.14062	1.702	
7	-1.81250	-1.71875	14.14062	14.37500	2.413	
7	-1.71875	-1.62500	14.14062	14.37500	3.283	
7	-1.81250	-1.71875	13.90625	14.14062	2.028	
7	-1.71875	-1.62500	13.90625	14.14062	2.805	
7	-2.00000	-1.90625	13.67188	13.90625	1.871	
7	-1.90625	-1.81250	13.67188	13.90625	1.558	
7	-2.00000	-1.90625	13.43750	13.67188	2.106	
7	-1.90625	-1.81250	13.43750	13.67188	1.556	
7	-1.81250	-1.71875	13.67188	13.90625	1.644	
7	-1.71875	-1.62500	13.67188	13.90625	2.320	
7	-1.81250	-1.71875	13.43750	13.67188	1.473	
7	-1.71875	-1.62500	13.43750	13.67188	1.959	
7	-1.62500	-1.53125	14.14062	14.37500	5.090	
7	-1.53125	-1.43750	14.14062	14.37500	6.578	
7	-1.62500	-1.53125	13.90625	14.14062	3.988	
7	-1.53125	-1.43750	13.90625	14.14062	5.863	
7	-1.43750	-1.34375	14.14062	14.37500	9.392	
7	-1.34375	-1.25000	14.14062	14.37500	11.533	
7	-1.43750	-1.34375	13.90625	14.14062	8.313	
7	-1.34375	-1.25000	13.90625	14.14062	10.712	
7	-1.62500	-1.53125	13.67188	13.90625	3.531	
7	-1.53125	-1.43750	13.67188	13.90625	5.059	
7	-1.62500	-1.53125	13.43750	13.67188	2.704	
7	-1.53125	-1.43750	13.43750	13.67188	4.301	
7	-1.43750	-1.34375	13.67188	13.90625	6.959	
7	-1.34375	-1.25000	13.67188	13.90625	9.674	
7	-1.43750	-1.34375	13.43750	13.67188	6.439	
7	-1.34375	-1.25000	13.43750	13.67188	8.201	
7	-2.00000	-1.90625	13.20312	13.43750	2.396	
7	-1.90625	-1.81250	13.20312	13.43750	1.578	
7	-2.00000	-1.90625	12.96875	13.20312	2.649	
7	-1.90625	-1.81250	12.96875	13.20312	1.784	
7	-1.81250	-1.71875	13.20312	13.43750	1.357	
7	-1.71875	-1.62500	13.20312	13.43750	1.601	
7	-1.81250	-1.71875	12.96875	13.20312	1.326	
7	-1.71875	-1.62500	12.96875	13.20312	1.408	
7	-2.00000	-1.90625	12.73438	12.96875	3.218	
7	-1.90625	-1.81250	12.73438	12.96875	1.944	
7	-2.00000	-1.90625	12.50000	12.73438	3.588	
7	-1.90625	-1.81250	12.50000	12.73438	2.327	
7	-1.81250	-1.71875	12.73438	12.96875	1.404	
7	-1.71875	-1.62500	12.73438	12.96875	1.274	
7	-1.81250	-1.71875	12.50000	12.73438	1.510	
7	-1.71875	-1.62500	12.50000	12.73438	1.257	
7	-1.62500	-1.53125	13.20312	13.43750	2.262	
7	-1.53125	-1.43750	13.20312	13.43750	3.693	
7	-1.62500	-1.53125	12.96875	13.20312	1.886	
7	-1.53125	-1.43750	12.96875	13.20312	2.985	
7	-1.43750	-1.34375	13.20312	13.43750	5.131	
7	-1.34375	-1.25000	13.20312	13.43750	7.842	
7	-1.43750	-1.34375	12.96875	13.20312	4.592	
7	-1.34375	-1.25000	12.96875	13.20312	6.580	
7	-1.62500	-1.53125	12.73438	12.96875	1.629	
7	-1.53125	-1.43750	12.73438	12.96875	2.520	
7	-1.62500	-1.53125	12.50000	12.73438	1.436	
7	-1.53125	-1.43750	12.50000	12.73438	2.184	
7	-1.43750	-1.34375	12.73438	12.96875	3.796	
7	-1.34375	-1.25000	12.73438	12.96875	5.590	
7	-1.43750	-1.34375	12.50000	12.73438	3.368	
7	-1.34375	-1.25000	12.50000	12.73438	5.225	
7	-1.25000	-1.15625	14.14062	14.37500	12.000	
7	-1.15625	-1.06250	14.14062	14.37500	12.000	
7	-1.25000	-1.15625	13.90625	14.14062	12.000	
7	-1.15625	-1.06250	13.90625	14.14062	12.000	
6	-1.06250	-0.87500	13.90625	14.37500	12.000	
7	-1.25000	-1.15625	13.67188	13.90625	11.732	
7	-1.15625	-1.06250	13.67188	13.90625	12.000	
7	-1.25000	-1.15625	13.43750	13.67188	11.344	
7	-1.15625	-1.06250	13.43750	13.67188	12.000	
6	-1.06250	-0.87500	13.43750	13.90625	12.000	
5	-0.87500	-0.50000	13.43750	14.37500	12.000	
7	-1.25000	-1.15625	13.20312	13.43750	9.986	
7	-1.15625	-1.06250	13.20312	13.43750	11.979	
7	-1.25000	-1.15625	12.96875	13.20312	9.287	
7	-1.15625	-1.06250	12.96875	13.20312	11.663	
7	-1.06250	-0.96875	13.20312	13.43750	12.000	
7	-0.96875	-0.87500	13.20312	13.43750	12.000	
7	-1.06250	-0.96875	12.96875	13.20312	12.000	
7	-0.96875	-0.87500	12.96875	13.20312	12.000	
7	-1.25000	-1.15625	12.73438	12.96875	7.967	
7	-1.15625	-1.06250	12.73438	12.96875	11.030	
7	-1.25000	-1.15625	12.50000	12.73438	7.012	
7	-1.15625	-1.06250	12.50000	12.73438	10.078	
7	-1.06250	-0.96875	12.73438	12.96875	12.000	
7	-0.96875	-0.87500	12.73438	12.96875	12.000	
7	-1.06250	-0.96875	12.50000	12.73438	11.852	
7	-0.96875	-0.87500	12.50000	12.73438	12.000	
5	-0.87500	-0.50000	12.50000	13.43750	12.000	
3	-0.50000	1.00000	12.50000	16.25000	12.000	
3	-5.00000	-3.50000	8.75000	12.50000	12.000	
4	-3.50000	-2.75000	10.62500	12.50000	12.000	
6	-2.75000	-2.56250	12.03125	12.50000	12.000	
6	-2.56250	-2.37500	12.03125	12.50000	12.000	
6	-2.75000	-2.56250	11.56250	12.03125	12.000	
6	-2.56250	-2.37500	11.56250	12.03125	12.000	
7	-2.37500	-2.28125	12.26562	12.50000	12.000	
7	-2.28125	-2.18750	12.26562	12.50000	11.486	
7	-2.37500	-2.28125	12.03125	12.26562	12.000	
7	-2.28125	-2.18750	12.03125	12.26562	11.924	
7	-2.18750	-2.09375	12.26562	12.50000	8.896	
7	-2.09375	-2.00000	12.26562	12.50000	6.356	
7	-2.18750	-2.09375	12.03125	12.26562	9.758	
7	-2.09375	-2.00000	12.03125	12.26562	6.937	
7	-2.37500	-2.28125	11.79688	12.03125	12.000	
7	-2.28125	-2.18750	11.79688	12.03125	12.000	
7	-2.37500	-2.28125	11.56250	11.79688	12.000	
7	-2.28125	-2.18750	11.56250	11.79688	12.000	
7	-2.18750	-2.09375	11.79688	12.03125	10.833	
7	-2.09375	-2.00000	11.79688	12.03125	7.963	
7	-2.18750	-2.09375	11.56250	11.79688	11.617	
7	-2.09375	-2.00000	11.56250	11.79688	9.106	
5	-2.75000	-2.37500	10.62500	11.56250	12.000	
7	-2.37500	-2.28125	11.32812	11.56250	12.000	
7	-2.28125	-2.18750	11.32812	11.56250	12.000	
7	-2.37500	-2.28125	11.09375	11.32812	12.000	
7	-2.28125	-2.18750	11.09375	11.32812	12.000	
7	-2.18750	-2.09375	11.32812	11.56250	11.988	
7	-2.09375	-2.00000	11.32812	11.56250	10.742	
7	-2.18750	-2.09375	11.09375	11.32812	12.000	
7	-2.09375	-2.00000	11.09375	11.32812	11.096	
6	-2.37500	-2.18750	10.62500	11.09375	12.000	
7	-2.18750	-2.09375	10.85938	11.09375	12.000	
7	-2.09375	-2.00000	10.85938	11.09375	11.930	
7	-2.18750	-2.09375	10.62500	10.85938	12.000	
7	-2.09375	-2.00000	10.62500	10.85938	12.000	
4	-3.50000	-2.75000	8.75000	10.62500	12.000	
5	-2.75000	-2.37500	9.68750	10.62500	12.000	
6	-2.37500	-2.18750	10.15625	10.62500	12.000	
7	-2.18750	-2.09375	10.39062	10.62500	12.000	
7	-2.09375	-2.00000	10.39062	10.62500	12.000	
7	-2.18750	-2.09375	10.15625	10.39062	12.000	
7	-2.09375	-2.00000	10.15625	10.39062	12.000	
6	-2.37500	-2.18750	9.68750	10.15625	12.000	
6	-2.18750	-2.00000	9.68750	10.15625	12.000	
5	-2.75000	-2.37500	8.75000	9.68750	12.000	
5	-2.37500	-2.00000	8.75000	9.68750	12.000	
3	-5.00000	-3.50000	5.00000	8.75000	12.000	
4	-3.50000	-2.75000	6.87500	8.75000	12.000	
4	-2.75000	-2.00000	6.87500	8.75000	12.000	
4	-3.50000	-2.75000	5.00000	6.87500	12.000	
4	-2.75000	-2.00000	5.00000	6.87500	12.000	
7	-2.00000	-1.90625	12.26562	12.50000	4.412	
7	-1.90625	-1.81250	12.26562	12.50000	2.774	
7	-2.00000	-1.90625	12.03125	12.26562	5.122	
7	-1.90625	-1.81250	12.03125	12.26562	3.272	
7	-1.81250	-1.71875	12.26562	12.50000	1.788	
7	-1.71875	-1.62500	12.26562	12.50000	1.324	
7	-1.81250	-1.71875	12.03125	12.26562	2.326	
7	-1.71875	-1.62500	12.03125	12.26562	1.482	
7	-2.00000	-1.90625	11.79688	12.03125	5.746	
7	-1.90625	-1.81250	11.79688	12.03125	3.970	
7	-2.00000	-1.90625	11.56250	11.79688	6.583	
7	-1.90625	-1.81250	11.56250	11.79688	4.528	
7	-1.81250	-1.71875	11.79688	12.03125	2.659	
7	-1.71875	-1.62500	11.79688	12.03125	1.791	
7	-1.81250	-1.71875	11.56250	11.79688	3.025	
7	-1.71875	-1.62500	11.56250	11.79688	2.134	
7	-1.62500	-1.53125	12.26562	12.50000	1.350	
7	-1.53125	-1.43750	12.26562	12.50000	1.808	
7	-1.62500	-1.53125	12.03125	12.26562	1.328	
7	-1.53125	-1.43750	12.03125	12.26562	1.626	
7	-1.43750	-1.34375	12.26562	12.50000	2.867	
7	-1.34375	-1.25000	12.26562	12.50000	4.279	
7	-1.43750	-1.34375	12.03125	12.26562	2.450	
7	-1.34375	-1.25000	12.03125	12.26562	3.533	
7	-1.62500	-1.53125	11.79688	12.03125	1.378	
7	-1.53125	-1.43750	11.79688	12.03125	1.506	
7	-1.62500	-1.53125	11.56250	11.79688	1.483	
7	-1.53125	-1.43750	11.56250	11.79688	1.475	
7	-1.43750	-1.34375	11.79688	12.03125	2.050	
7	-1.34375	-1.25000	11.79688	12.03125	3.365	
7	-1.43750	-1.34375	11.56250	11.79688	1.916	
7	-1.34375	-1.25000	11.56250	11.79688	2.900	
7	-2.00000	-1.90625	11.32812	11.56250	7.252	
7	-1.90625	-1.81250	11.32812	11.56250	5.407	
7	-2.00000	-1.90625	11.09375	11.32812	8.628	
7	-1.90625	-1.81250	11.09375	11.32812	6.504	
7	-1.81250	-1.71875	11.32812	11.56250	3.766	
7	-1.71875	-1.62500	11.32812	11.56250	2.686	
7	-1.81250	-1.71875	11.09375	11.32812	4.380	
7	-1.71875	-1.62500	11.09375	11.32812	2.946	
7	-2.00000	-1.90625	10.85938	11.09375	9.514	
7	-1.90625	-1.81250	10.85938	11.09375	7.257	
7	-2.00000	-1.90625	10.62500	10.85938	10.981	
7	-1.90625	-1.81250	10.62500	10.85938	8.444	
7	-1.81250	-1.71875	10.85938	11.09375	5.064	
7	-1.71875	-1.62500	10.85938	11.09375	3.678	
7	-1.81250	-1.71875	10.62500	10.85938	6.232	
7	-1.71875	-1.62500	10.62500	10.85938	4.365	
7	-1.62500	-1.53125	11.32812	11.56250	1.820	
7	-1.53125	-1.43750	11.32812	11.56250	1.545	
7	-1.62500	-1.53125	11.09375	11.32812	2.120	
7	-1.53125	-1.43750	11.09375	11.32812	1.709	
7	-1.43750	-1.34375	11.32812	11.56250	1.804	
7	-1.34375	-1.25000	11.32812	11.56250	2.419	
7	-1.43750	-1.34375	11.09375	11.32812	1.763	
7	-1.34375	-1.25000	11.09375	11.32812	2.429	
7	-1.62500	-1.53125	10.85938	11.09375	2.520	
7	-1.53125	-1.43750	10.85938	11.09375	1.946	
7	-1.62500	-1.53125	10.62500	10.85938	3.004	
7	-1.53125	-1.43750	10.62500	10.85938	2.414	
7	-1.43750	-1.34375	10.85938	11.09375	1.846	
7	-1.34375	-1.25000	10.85938	11.09375	2.162	
7	-1.43750	-1.34375	10.62500	10.85938	2.006	
7	-1.34375	-1.25000	10.62500	10.85938	2.236	
7	-1.25000	-1.15625	12.26562	12.50000	6.277	
7	-1.15625	-1.06250	12.26562	12.50000	8.866	
7	-1.25000	-1.15625	12.03125	12.26562	5.408	
7	-1.15625	-1.06250	12.03125	12.26562	7.410	
7	-1.06250	-0.96875	12.26562	12.50000	11.879	
7	-0.96875	-0.87500	12.26562	12.50000	12.000	
7	-1.06250	-0.96875	12.03125	12.26562	10.683	
7	-0.96875	-0.87500	12.03125	12.26562	12.000	
7	-1.25000	-1.15625	11.79688	12.03125	4.752	
7	-1.15625	-1.06250	11.79688	12.03125	6.888	
7	-1.25000	-1.15625	11.56250	11.79688	4.220	
7	-1.15625	-1.06250	11.56250	11.79688	6.215	
7	-1.06250	-0.96875	11.79688	12.03125	9.740	
7	-0.96875	-0.87500	11.79688	12.03125	11.864	
7	-1.06250	-0.96875	11.56250	11.79688	8.265	
7	-0.96875	-0.87500	11.56250	11.79688	11.140	
7	-0.87500	-0.78125	12.26562	12.50000	12.000	
7	-0.78125	-0.68750	12.26562	12.50000	12.000	
7	-0.87500	-0.78125	12.03125	12.26562	12.000	
7	-0.78125	-0.68750	12.03125	12.26562	12.000	
6	-0.68750	-0.50000	12.03125	12.50000	12.000	
7	-0.87500	-0.78125	11.79688	12.03125	12.000	
7	-0.78125	-0.68750	11.79688	12.03125	12.000	
7	-0.87500	-0.78125	11.56250	11.79688	12.000	
7	-0.78125	-0.68750	11.56250	11.79688	12.000	
6	-0.68750	-0.50000	11.56250	12.03125	12.000	
7	-1.25000	-1.15625	11.32812	11.56250	3.638	
7	-1.15625	-1.06250	11.32812	11.56250	5.477	
7	-1.25000	-1.15625	11.09375	11.32812	3.503	
7	-1.15625	-1.06250	11.09375	11.32812	4.903	
7	-1.06250	-0.96875	11.32812	11.56250	7.839	
7	-0.96875	-0.87500	11.32812	11.56250	10.703	
7	-1.06250	-0.96875	11.09375	11.32812	6.971	
7	-0.96875	-0.87500	11.09375	11.32812	9.617	
7	-1.25000	-1.15625	10.85938	11.09375	3.199	
7	-1.15625	-1.06250	10.85938	11.09375	4.579	
7	-1.25000	-1.15625	10.62500	10.85938	2.900	
7	-1.15625	-1.06250	10.62500	10.85938	4.167	
7	-1.06250	-0.96875	10.85938	11.09375	6.384	
7	-0.96875	-0.87500	10.85938	11.09375	8.720	
7	-1.06250	-0.96875	10.62500	10.85938	5.595	
7	-0.96875	-0.87500	10.62500	10.85938	8.027	
7	-0.87500	-0.78125	11.32812	11.56250	12.000	
7	-0.78125	-0.68750	11.32812	11.56250	12.000	
7	-0.87500	-0.78125	11.09375	11.32812	11.882	
7	-0.78125	-0.68750	11.09375	11.32812	12.000	
6	-0.68750	-0.50000	11.09375	11.56250	12.000	
7	-0.87500	-0.78125	10.85938	11.09375	11.604	
7	-0.78125	-0.68750	10.85938	11.09375	12.000	
7	-0.87500	-0.78125	10.62500	10.85938	10.793	
7	-0.78125	-0.68750	10.62500	10.85938	12.000	
6	-0.68750	-0.50000	10.62500	11.09375	12.000	
7	-2.00000	-1.90625	10.39062	10.62500	11.768	
7	-1.90625	-1.81250	10.39062	10.62500	9.413	
7	-2.00000	-1.90625	10.15625	10.39062	11.996	
7	-1.90625	-1.81250	10.15625	10.39062	10.901	
7	-1.81250	-1.71875	10.39062	10.62500	7.167	
7	-1.71875	-1.62500	10.39062	10.62500	5.256	
7	-1.81250	-1.71875	10.15625	10.39062	8.244	
7	-1.71875	-1.62500	10.15625	10.39062	6.057	
7	-2.00000	-1.90625	9.92188	10.15625	12.000	
7	-1.90625	-1.81250	9.92188	10.15625	11.688	
7	-2.00000	-1.90625	9.68750	9.92188	12.000	
7	-1.90625	-1.81250	9.68750	9.92188	11.996	
7	-1.81250	-1.71875	9.92188	10.15625	9.437	
7	-1.71875	-1.62500	9.92188	10.15625	7.067	
7	-1.81250	-1.71875	9.68750	9.92188	10.417	
7	-1.71875	-1.62500	9.68750	9.92188	8.008	
7	-1.62500	-1.53125	10.39062	10.62500	3.461	
7	-1.53125	-1.43750	10.39062	10.62500	2.797	
7	-1.62500	-1.53125	10.15625	10.39062	4.407	
7	-1.53125	-1.43750	10.15625	10.39062	3.222	
7	-1.43750	-1.34375	10.39062	10.62500	2.211	
7	-1.34375	-1.25000	10.39062	10.62500	2.288	
7	-1.43750	-1.34375	10.15625	10.39062	2.640	
7	-1.34375	-1.25000	10.15625	10.39062	2.436	
7	-1.62500	-1.53125	9.92188	10.15625	5.097	
7	-1.53125	-1.43750	9.92188	10.15625	3.927	
7	-1.62500	-1.53125	9.68750	9.92188	6.180	
7	-1.53125	-1.43750	9.68750	9.92188	4.448	
7	-1.43750	-1.34375	9.92188	10.15625	3.035	
7	-1.34375	-1.25000	9.92188	10.15625	2.646	
7	-1.43750	-1.34375	9.68750	9.92188	3.537	
7	-1.34375	-1.25000	9.68750	9.92188	3.059	
7	-2.00000	-1.90625	9.45312	9.68750	12.000	
7	-1.90625	-1.81250	9.45312	9.68750	12.000	
7	-2.00000	-1.90625	9.21875	9.45312	12.000	
7	-1.90625	-1.81250	9.21875	9.45312	12.000	
7	-1.81250	-1.71875	9.45312	9.68750	11.552	
7	-1.71875	-1.62500	9.45312	9.68750	9.461	
7	-1.81250	-1.71875	9.21875	9.45312	11.969	
7	-1.71875	-1.62500	9.21875	9.45312	10.540	
6	-2.00000	-1.81250	8.75000	9.21875	12.000	
7	-1.81250	-1.71875	8.98438	9.21875	12.000	
7	-1.71875	-1.62500	8.98438	9.21875	11.429	
7	-1.81250	-1.71875	8.75000	8.98438	12.000	
7	-1.71875	-1.62500	8.75000	8.98438	11.994	
7	-1.62500	-1.53125	9.45312	9.68750	6.829	
7	-1.53125	-1.43750	9.45312	9.68750	5.473	
7	-1.62500	-1.53125	9.21875	9.45312	8.106	
7	-1.53125	-1.43750	9.21875	9.45312	6.132	
7	-1.43750	-1.34375	9.45312	9.68750	4.125	
7	-1.34375	-1.25000	9.45312	9.68750	3.512	
7	-1.43750	-1.34375	9.21875	9.45312	4.917	
7	-1.34375	-1.25000	9.21875	9.45312	3.912	
7	-1.62500	-1.53125	8.98438	9.21875	9.530	
7	-1.53125	-1.43750	8.98438	9.21875	7.426	
7	-1.62500	-1.53125	8.75000	8.98438	10.505	
7	-1.53125	-1.43750	8.75000	8.98438	8.311	
7	-1.43750	-1.34375	8.98438	9.21875	5.685	
7	-1.34375	-1.25000	8.98438	9.21875	4.654	
7	-1.43750	-1.34375	8.75000	8.98438	6.654	
7	-1.34375	-1.25000	8.75000	8.98438	5.356	
7	-1.25000	-1.15625	10.39062	10.62500	2.634	
7	-1.15625	-1.06250	10.39062	10.62500	3.834	
7	-1.25000	-1.15625	10.15625	10.39062	2.782	
7	-1.15625	-1.06250	10.15625	10.39062	3.499	
7	-1.06250	-0.96875	10.39062	10.62500	5.235	
7	-0.96875	-0.87500	10.39062	10.62500	7.362	
7	-1.06250	-0.96875	10.15625	10.39062	4.783	
7	-0.96875	-0.87500	10.15625	10.39062	6.782	
7	-1.25000	-1.15625	9.92188	10.15625	2.806	
7	-1.15625	-1.06250	9.92188	10.15625	3.537	
7	-1.25000	-1.15625	9.68750	9.92188	2.961	
7	-1.15625	-1.06250	9.68750	9.92188	3.399	
7	-1.06250	-0.96875	9.92188	10.15625	4.738	
7	-0.96875	-0.87500	9.92188	10.15625	6.267	
7	-1.06250	-0.96875	9.68750	9.92188	4.382	
7	-0.96875	-0.87500	9.68750	9.92188	5.758	
7	-0.87500	-0.78125	10.39062	10.62500	9.962	
7	-0.78125	-0.68750	10.39062	10.62500	11.831	
7	-0.87500	-0.78125	10.15625	10.39062	9.126	
7	-0.78125	-0.68750	10.15625	10.39062	11.428	
7	-0.68750	-0.59375	10.39062	10.62500	12.000	
7	-0.59375	-0.50000	10.39062	10.62500	12.000	
7	-0.68750	-0.59375	10.15625	10.39062	12.000	
7	-0.59375	-0.50000	10.15625	10.39062	12.000	
7	-0.87500	-0.78125	9.92188	10.15625	8.249	
7	-0.78125	-0.68750	9.92188	10.15625	10.828	
7	-0.87500	-0.78125	9.68750	9.92188	7.681	
7	-0.78125	-0.68750	9.68750	9.92188	10.225	
7	-0.68750	-0.59375	9.92188	10.15625	12.000	
7	-0.59375	-0.50000	9.92188	10.15625	12.000	
7	-0.68750	-0.59375	9.68750	9.92188	11.908	
7	-0.59375	-0.50000	9.68750	9.92188	12.000	
7	-1.25000	-1.15625	9.45312	9.68750	3.211	
7	-1.15625	-1.06250	9.45312	9.68750	3.460	
7	-1.25000	-1.15625	9.21875	9.45312	3.544	
7	-1.15625	-1.06250	9.21875	9.45312	3.616	
7	-1.06250	-0.96875	9.45312	9.68750	4.230	
7	-0.96875	-0.87500	9.45312	9.68750	5.355	
7	-1.06250	-0.96875	9.21875	9.45312	4.152	
7	-0.96875	-0.87500	9.21875	9.45312	5.340	
7	-1.25000	-1.15625	8.98438	9.21875	3.993	
7	-1.15625	-1.06250	8.98438	9.21875	3.888	
7	-1.25000	-1.15625	8.75000	8.98438	4.508	
7	-1.15625	-1.06250	8.75000	8.98438	4.229	
7	-1.06250	-0.96875	8.98438	9.21875	4.299	
7	-0.96875	-0.87500	8.98438	9.21875	5.112	
7	-1.06250	-0.96875	8.75000	8.98438	4.395	
7	-0.96875	-0.87500	8.75000	8.98438	5.132	
7	-0.87500	-0.78125	9.45312	9.68750	7.414	
7	-0.78125	-0.68750	9.45312	9.68750	9.458	
7	-0.87500	-0.78125	9.21875	9.45312	6.752	
7	-0.78125	-0.68750	9.21875	9.45312	8.685	
7	-0.68750	-0.59375	9.45312	9.68750	11.833	
7	-0.59375	-0.50000	9.45312	9.68750	12.000	
7	-0.68750	-0.59375	9.21875	9.45312	11.417	
7	-0.59375	-0.50000	9.21875	9.45312	12.000	
7	-0.87500	-0.78125	8.98438	9.21875	6.607	
7	-0.78125	-0.68750	8.98438	9.21875	8.634	
7	-0.87500	-0.78125	8.75000	8.98438	6.304	
7	-0.78125	-0.68750	8.75000	8.98438	8.086	
7	-0.68750	-0.59375	8.98438	9.21875	10.721	
7	-0.59375	-0.50000	8.98438	9.21875	12.000	
7	-0.68750	-0.59375	8.75000	8.98438	10.106	
7	-0.59375	-0.50000	8.75000	8.98438	11.944	
5	-0.50000	-0.12500	11.56250	12.50000	12.000	
5	-0.12500	0.25000	11.56250	12.50000	12.000	
5	-0.50000	-0.12500	10.62500	11.56250	12.000	
5	-0.12500	0.25000	10.62500	11.56250	12.000	
4	0.25000	1.00000	10.62500	12.50000	12.000	
6	-0.50000	-0.31250	10.15625	10.62500	12.000	
6	-0.31250	-0.12500	10.15625	10.62500	12.000	
6	-0.50000	-0.31250	9.68750	10.15625	12.000	
6	-0.31250	-0.12500	9.68750	10.15625	12.000	
5	-0.12500	0.25000	9.68750	10.62500	12.000	
7	-0.50000	-0.40625	9.45312	9.68750	12.000	
7	-0.40625	-0.31250	9.45312	9.68750	12.000	
7	-0.50000	-0.40625	9.21875	9.45312	12.000	
7	-0.40625	-0.31250	9.21875	9.45312	12.000	
6	-0.31250	-0.12500	9.21875	9.68750	12.000	
6	-0.50000	-0.31250	8.75000	9.21875	12.000	
6	-0.31250	-0.12500	8.75000	9.21875	12.000	
5	-0.12500	0.25000	8.75000	9.68750	12.000	
4	0.25000	1.00000	8.75000	10.62500	12.000	
6	-2.00000	-1.81250	8.28125	8.75000	12.000	
7	-1.81250	-1.71875	8.51562	8.75000	12.000	
7	-1.71875	-1.62500	8.51562	8.75000	12.000	
7	-1.81250	-1.71875	8.28125	8.51562	12.000	
7	-1.71875	-1.62500	8.28125	8.51562	12.000	
6	-2.00000	-1.81250	7.81250	8.28125	12.000	
6	-1.81250	-1.62500	7.81250	8.28125	12.000	
7	-1.62500	-1.53125	8.51562	8.75000	11.547	
7	-1.53125	-1.43750	8.51562	8.75000	9.726	
7	-1.62500	-1.53125	8.28125	8.51562	11.964	
7	-1.53125	-1.43750	8.28125	8.51562	10.703	
7	-1.43750	-1.34375	8.51562	8.75000	7.608	
7	-1.34375	-1.25000	8.51562	8.75000	6.099	
7	-1.43750	-1.34375	8.28125	8.51562	8.342	
7	-1.34375	-1.25000	8.28125	8.51562	7.004	
7	-1.62500	-1.53125	8.04688	8.28125	12.000	
7	-1.53125	-1.43750	8.04688	8.28125	11.642	
7	-1.62500	-1.53125	7.81250	8.04688	12.000	
7	-1.53125	-1.43750	7.81250	8.04688	12.000	
7	-1.43750	-1.34375	8.04688	8.28125	9.974	
7	-1.34375	-1.25000	8.04688	8.28125	8.102	
7	-1.43750	-1.34375	7.81250	8.04688	10.911	
7	-1.34375	-1.25000	7.81250	8.04688	8.994	
5	-2.00000	-1.62500	6.87500	7.81250	12.000	
7	-1.62500	-1.53125	7.57812	7.81250	12.000	
7	-1.53125	-1.43750	7.57812	7.81250	12.000	
7	-1.62500	-1.53125	7.34375	7.57812	12.000	
7	-1.53125	-1.43750	7.34375	7.57812	12.000	
7	-1.43750	-1.34375	7.57812	7.81250	11.703	
7	-1.34375	-1.25000	7.57812	7.81250	10.117	
7	-1.43750	-1.34375	7.34375	7.57812	12.000	
7	-1.34375	-1.25000	7.34375	7.57812	11.450	
6	-1.62500	-1.43750	6.87500	7.34375	12.000	
7	-1.43750	-1.34375	7.10938	7.34375	12.000	
7	-1.34375	-1.25000	7.10938	7.34375	11.987	
7	-1.43750	-1.34375	6.87500	7.10938	12.000	
7	-1.34375	-1.25000	6.87500	7.10938	12.000	
7	-1.25000	-1.15625	8.51562	8.75000	5.234	
7	-1.15625	-1.06250	8.51562	8.75000	4.634	
7	-1.25000	-1.15625	8.28125	8.51562	5.661	
7	-1.15625	-1.06250	8.28125	8.51562	5.110	
7	-1.06250	-0.96875	8.51562	8.75000	4.672	
7	-0.96875	-0.87500	8.51562	8.75000	5.195	
7	-1.06250	-0.96875	8.28125	8.51562	5.023	
7	-0.96875	-0.87500	8.28125	8.51562	5.308	
7	-1.25000	-1.15625	8.04688	8.28125	6.687	
7	-1.15625	-1.06250	8.04688	8.28125	5.844	
7	-1.25000	-1.15625	7.81250	8.04688	7.501	
7	-1.15625	-1.06250	7.81250	8.04688	6.417	
7	-1.06250	-0.96875	8.04688	8.28125	5.512	
7	-0.96875	-0.87500	8.04688	8.28125	5.600	
7	-1.06250	-0.96875	7.81250	8.04688	6.011	
7	-0.96875	-0.87500	7.81250	8.04688	5.942	
7	-0.87500	-0.78125	8.51562	8.75000	6.039	
7	-0.78125	-0.68750	8.51562	8.75000	7.643	
7	-0.87500	-0.78125	8.28125	8.51562	6.112	
7	-0.78125	-0.68750	8.28125	8.51562	7.439	
7	-0.68750	-0.59375	8.51562	8.75000	9.798	
7	-0.59375	-0.50000	8.51562	8.75000	11.793	
7	-0.68750	-0.59375	8.28125	8.51562	9.022	
7	-0.59375	-0.50000	8.28125	8.51562	11.431	
7	-0.87500	-0.78125	8.04688	8.28125	6.270	
7	-0.78125	-0.68750	8.04688	8.28125	7.416	
7	-0.87500	-0.78125	7.81250	8.04688	6.341	
7	-0.78125	-0.68750	7.81250	8.04688	7.355	
7	-0.68750	-0.59375	8.04688	8.28125	9.128	
7	-0.59375	-0.50000	8.04688	8.28125	11.123	
7	-0.68750	-0.59375	7.81250	8.04688	8.791	
7	-0.59375	-0.50000	7.81250	8.04688	10.684	
7	-1.25000	-1.15625	7.57812	7.81250	8.654	
7	-1.15625	-1.06250	7.57812	7.81250	7.300	
7	-1.25000	-1.15625	7.34375	7.57812	9.629	
7	-1.15625	-1.06250	7.34375	7.57812	8.102	
7	-1.06250	-0.96875	7.57812	7.81250	6.669	
7	-0.96875	-0.87500	7.57812	7.81250	6.384	
7	-1.06250	-0.96875	7.34375	7.57812	7.338	
7	-0.96875	-0.87500	7.34375	7.57812	6.880	
7	-1.25000	-1.15625	7.10938	7.34375	11.009	
7	-1.15625	-1.06250	7.10938	7.34375	9.310	
7	-1.25000	-1.15625	6.87500	7.10938	11.707	
7	-1.15625	-1.06250	6.87500	7.10938	10.295	
7	-1.06250	-0.96875	7.10938	7.34375	7.992	
7	-0.96875	-0.87500	7.10938	7.34375	7.526	
7	-1.06250	-0.96875	6.87500	7.10938	9.092	
7	-0.96875	-0.87500	6.87500	7.10938	8.313	
7	-0.87500	-0.78125	7.57812	7.81250	6.672	
7	-0.78125	-0.68750	7.57812	7.81250	7.541	
7	-0.87500	-0.78125	7.34375	7.57812	6.992	
7	-0.78125	-0.68750	7.34375	7.57812	7.481	
7	-0.68750	-0.59375	7.57812	7.81250	8.635	
7	-0.59375	-0.50000	7.57812	7.81250	10.229	
7	-0.68750	-0.59375	7.34375	7.57812	8.704	
7	-0.59375	-0.50000	7.34375	7.57812	10.336	
7	-0.87500	-0.78125	7.10938	7.34375	7.447	
7	-0.78125	-0.68750	7.10938	7.34375	7.922	
7	-0.87500	-0.78125	6.87500	7.10938	7.966	
7	-0.78125	-0.68750	6.87500	7.10938	8.219	
7	-0.68750	-0.59375	7.10938	7.34375	8.790	
7	-0.59375	-0.50000	7.10938	7.34375	10.047	
7	-0.68750	-0.59375	6.87500	7.10938	8.949	
7	-0.59375	-0.50000	6.87500	7.10938	9.855	
5	-2.00000	-1.62500	5.93750	6.87500	12.000	
5	-1.62500	-1.25000	5.93750	6.87500	12.000	
5	-2.00000	-1.62500	5.00000	5.93750	12.000	
5	-1.62500	-1.25000	5.00000	5.93750	12.000	
7	-1.25000	-1.15625	6.64062	6.87500	12.000	
7	-1.15625	-1.06250	6.64062	6.87500	11.418	
7	-1.25000	-1.15625	6.40625	6.64062	12.000	
7	-1.15625	-1.06250	6.40625	6.64062	11.943	
7	-1.06250	-0.96875	6.64062	6.87500	10.058	
7	-0.96875	-0.87500	6.64062	6.87500	8.936	
7	-1.06250	-0.96875	6.40625	6.64062	11.010	
7	-0.96875	-0.87500	6.40625	6.64062	9.818	
7	-1.25000	-1.15625	6.17188	6.40625	12.000	
7	-1.15625	-1.06250	6.17188	6.40625	12.000	
7	-1.25000	-1.15625	5.93750	6.17188	12.000	
7	-1.15625	-1.06250	5.93750	6.17188	12.000	
7	-1.06250	-0.96875	6.17188	6.40625	11.837	
7	-0.96875	-0.87500	6.17188	6.40625	10.951	
7	-1.06250	-0.96875	5.93750	6.17188	12.000	
7	-0.96875	-0.87500	5.93750	6.17188	11.751	
7	-0.87500	-0.78125	6.64062	6.87500	8.569	
7	-0.78125	-0.68750	6.64062	6.87500	8.618	
7	-0.87500	-0.78125	6.40625	6.64062	9.348	
7	-0.78125	-0.68750	6.40625	6.64062	9.136	
7	-0.68750	-0.59375	6.64062	6.87500	9.077	
7	-0.59375	-0.50000	6.64062	6.87500	10.187	
7	-0.68750	-0.59375	6.40625	6.64062	9.458	
7	-0.59375	-0.50000	6.40625	6.64062	10.281	
7	-0.87500	-0.78125	6.17188	6.40625	10.031	
7	-0.78125	-0.68750	6.17188	6.40625	9.777	
7	-0.87500	-0.78125	5.93750	6.17188	11.040	
7	-0.78125	-0.68750	5.93750	6.17188	10.393	
7	-0.68750	-0.59375	6.17188	6.40625	9.903	
7	-0.59375	-0.50000	6.17188	6.40625	10.574	
7	-0.68750	-0.59375	5.93750	6.17188	10.444	
7	-0.59375	-0.50000	5.93750	6.17188	10.957	
6	-1.25000	-1.06250	5.46875	5.93750	12.000	
7	-1.06250	-0.96875	5.70312	5.93750	12.000	
7	-0.96875	-0.87500	5.70312	5.93750	12.000	
7	-1.06250	-0.96875	5.46875	5.70312	12.000	
7	-0.96875	-0.87500	5.46875	5.70312	12.000	
6	-1.25000	-1.06250	5.00000	5.46875	12.000	
6	-1.06250	-0.87500	5.00000	5.46875	12.000	
7	-0.87500	-0.78125	5.70312	5.93750	11.810	
7	-0.78125	-0.68750	5.70312	5.93750	11.289	
7	-0.87500	-0.78125	5.46875	5.70312	12.000	
7	-0.78125	-0.68750	5.46875	5.70312	11.902	
7	-0.68750	-0.59375	5.70312	5.93750	11.052	
7	-0.59375	-0.50000	5.70312	5.93750	11.333	
7	-0.68750	-0.59375	5.46875	5.70312	11.746	
7	-0.59375	-0.50000	5.46875	5.70312	11.903	
6	-0.87500	-0.68750	5.00000	5.46875	12.000	
7	-0.68750	-0.59375	5.23438	5.46875	12.000	
7	-0.59375	-0.50000	5.23438	5.46875	12.000	
7	-0.68750	-0.59375	5.00000	5.23438	12.000	
7	-0.59375	-0.50000	5.00000	5.23438	12.000	
7	-0.50000	-0.40625	8.51562	8.75000	12.000	
7	-0.40625	-0.31250	8.51562	8.75000	12.000	
7	-0.50000	-0.40625	8.28125	8.51562	12.000	
7	-0.40625	-0.31250	8.28125	8.51562	12.000	
6	-0.31250	-0.12500	8.28125	8.75000	12.000	
7	-0.50000	-0.40625	8.04688	8.28125	12.000	
7	-0.40625	-0.31250	8.04688	8.28125	12.000	
7	-0.50000	-0.40625	7.81250	8.04688	12.000	
7	-0.40625	-0.31250	7.81250	8.04688	12.000	
6	-0.31250	-0.12500	7.81250	8.28125	12.000	
5	-0.12500	0.25000	7.81250	8.75000	12.000	
7	-0.50000	-0.40625	7.57812	7.81250	11.952	
7	-0.40625	-0.31250	7.57812	7.81250	12.000	
7	-0.50000	-0.40625	7.34375	7.57812	11.868	
7	-0.40625	-0.31250	7.34375	7.57812	12.000	
6	-0.31250	-0.12500	7.34375	7.81250	12.000	
7	-0.50000	-0.40625	7.10938	7.34375	11.772	
7	-0.40625	-0.31250	7.10938	7.34375	12.000	
7	-0.50000	-0.40625	6.87500	7.10938	11.748	
7	-0.40625	-0.31250	6.87500	7.10938	12.000	
6	-0.31250	-0.12500	6.87500	7.34375	12.000	
5	-0.12500	0.25000	6.87500	7.81250	12.000	
4	0.25000	1.00000	6.87500	8.75000	12.000	
7	-0.50000	-0.40625	6.64062	6.87500	11.546	
7	-0.40625	-0.31250	6.64062	6.87500	12.000	
7	-0.50000	-0.40625	6.40625	6.64062	11.470	
7	-0.40625	-0.31250	6.40625	6.64062	12.000	
7	-0.31250	-0.21875	6.64062	6.87500	12.000	
7	-0.21875	-0.12500	6.64062	6.87500	12.000	
7	-0.31250	-0.21875	6.40625	6.64062	12.000	
7	-0.21875	-0.12500	6.40625	6.64062	12.000	
7	-0.50000	-0.40625	6.17188	6.40625	11.566	
7	-0.40625	-0.31250	6.17188	6.40625	12.000	
7	-0.50000	-0.40625	5.93750	6.17188	11.785	
7	-0.40625	-0.31250	5.93750	6.17188	12.000	
6	-0.31250	-0.12500	5.93750	6.40625	12.000	
5	-0.12500	0.25000	5.93750	6.87500	12.000	
7	-0.50000	-0.40625	5.70312	5.93750	11.906	
7	-0.40625	-0.31250	5.70312	5.93750	12.000	
7	-0.50000	-0.40625	5.46875	5.70312	11.998	
7	-0.40625	-0.31250	5.46875	5.70312	12.000	
6	-0.31250	-0.12500	5.46875	5.93750	12.000	
6	-0.50000	-0.31250	5.00000	5.46875	12.000	
6	-0.31250	-0.12500	5.00000	5.46875	12.000	
5	-0.12500	0.25000	5.00000	5.93750	12.000	
4	0.25000	1.00000	5.00000	6.87500	12.000	
