# Depth 	 x_min 	 x_max 	 y_min 	 y_max 	 node value
3	7.00000	7.75000	0.37500	0.50000	50.000	
5	7.75000	7.93750	0.46875	0.50000	50.000	
5	7.93750	8.12500	0.46875	0.50000	50.000	
5	7.75000	7.93750	0.43750	0.46875	50.000	
5	7.93750	8.12500	0.43750	0.46875	50.000	
7	8.12500	8.17188	0.49219	0.50000	50.000	
7	8.17188	8.21875	0.49219	0.50000	50.000	
7	8.12500	8.17188	0.48438	0.49219	50.000	
7	8.17188	8.21875	0.48438	0.49219	50.000	
7	8.21875	8.26562	0.49219	0.50000	50.000	
7	8.26562	8.31250	0.49219	0.50000	50.000	
7	8.21875	8.26562	0.48438	0.49219	50.000	
7	8.26562	8.31250	0.48438	0.49219	7.947	
6	8.12500	8.21875	0.46875	0.48438	50.000	
7	8.21875	8.26562	0.47656	0.48438	50.000	
7	8.26562	8.31250	0.47656	0.48438	20.339	
7	8.21875	8.26562	0.46875	0.47656	50.000	
7	8.26562	8.31250	0.46875	0.47656	50.000	
7	8.31250	8.35938	0.49219	0.50000	50.000	
7	8.35938	8.40625	0.49219	0.50000	50.000	
7	8.31250	8.35938	0.48438	0.49219	50.000	
7	8.35938	8.40625	0.48438	0.49219	50.000	
6	8.40625	8.50000	0.48438	0.50000	50.000	
6	8.31250	8.40625	0.46875	0.48438	50.000	
6	8.40625	8.50000	0.46875	0.48438	50.000	
7	8.12500	8.17188	0.46094	0.46875	50.000	
7	8.17188	8.21875	0.46094	0.46875	50.000	
7	8.12500	8.17188	0.45312	0.46094	50.000	
7	8.17188	8.21875	0.45312	0.46094	50.000	
7	8.21875	8.26562	0.46094	0.46875	50.000	
7	8.26562	8.31250	0.46094	0.46875	4.427	
7	8.21875	8.26562	0.45312	0.46094	5.889	
7	8.26562	8.31250	0.45312	0.46094	50.000	
6	8.12500	8.21875	0.43750	0.45312	50.000	
7	8.21875	8.26562	0.44531	0.45312	50.000	
7	8.26562	8.31250	0.44531	0.45312	50.000	
7	8.21875	8.26562	0.43750	0.44531	50.000	
7	8.26562	8.31250	0.43750	0.44531	50.000	
7	8.31250	8.35938	0.46094	0.46875	50.000	
7	8.35938	8.40625	0.46094	0.46875	50.000	
7	8.31250	8.35938	0.45312	0.46094	50.000	
7	8.35938	8.40625	0.45312	0.46094	50.000	
6	8.40625	8.50000	0.45312	0.46875	50.000	
6	8.31250	8.40625	0.43750	0.45312	50.000	
6	8.40625	8.50000	0.43750	0.45312	50.000	
6	7.75000	7.84375	0.42188	0.43750	50.000	
6	7.84375	7.93750	0.42188	0.43750	50.000	
6	7.75000	7.84375	0.40625	0.42188	50.000	
6	7.84375	7.93750	0.40625	0.42188	50.000	
6	7.93750	8.03125	0.42188	0.43750	50.000	
6	8.03125	8.12500	0.42188	0.43750	50.000	
7	7.93750	7.98438	0.41406	0.42188	50.000	
7	7.98438	8.03125	0.41406	0.42188	50.000	
7	7.93750	7.98438	0.40625	0.41406	50.000	
7	7.98438	8.03125	0.40625	0.41406	328.050	
7	8.03125	8.07812	0.41406	0.42188	50.000	
7	8.07812	8.12500	0.41406	0.42188	50.000	
7	8.03125	8.07812	0.40625	0.41406	50.000	
7	8.07812	8.12500	0.40625	0.41406	50.000	
5	7.75000	7.93750	0.37500	0.40625	50.000	
7	7.93750	7.98438	0.39844	0.40625	141.617	
7	7.98438	8.03125	0.39844	0.40625	50.000	
7	7.93750	7.98438	0.39062	0.39844	50.000	
7	7.98438	8.03125	0.39062	0.39844	50.000	
6	8.03125	8.12500	0.39062	0.40625	50.000	
6	7.93750	8.03125	0.37500	0.39062	50.000	
7	8.03125	8.07812	0.38281	0.39062	50.000	
7	8.07812	8.12500	0.38281	0.39062	50.000	
7	8.03125	8.07812	0.37500	0.38281	50.000	
7	8.07812	8.12500	0.37500	0.38281	50.000	
6	8.12500	8.21875	0.42188	0.43750	50.000	
7	8.21875	8.26562	0.42969	0.43750	50.000	
7	8.26562	8.31250	0.42969	0.43750	50.000	
7	8.21875	8.26562	0.42188	0.42969	50.000	
7	8.26562	8.31250	0.42188	0.42969	50.000	
6	8.12500	8.21875	0.40625	0.42188	50.000	
7	8.21875	8.26562	0.41406	0.42188	50.000	
7	8.26562	8.31250	0.41406	0.42188	5.305	
7	8.21875	8.26562	0.40625	0.41406	50.000	
7	8.26562	8.31250	0.40625	0.41406	50.000	
7	8.31250	8.35938	0.42969	0.43750	50.000	
7	8.35938	8.40625	0.42969	0.43750	50.000	
7	8.31250	8.35938	0.42188	0.42969	50.000	
7	8.35938	8.40625	0.42188	0.42969	50.000	
6	8.40625	8.50000	0.42188	0.43750	50.000	
7	8.31250	8.35938	0.41406	0.42188	14.524	
7	8.35938	8.40625	0.41406	0.42188	50.000	
7	8.31250	8.35938	0.40625	0.41406	50.000	
7	8.35938	8.40625	0.40625	0.41406	3.121	
7	8.40625	8.45312	0.41406	0.42188	50.000	
7	8.45312	8.50000	0.41406	0.42188	50.000	
7	8.40625	8.45312	0.40625	0.41406	5.212	
7	8.45312	8.50000	0.40625	0.41406	50.000	
7	8.12500	8.17188	0.39844	0.40625	50.000	
7	8.17188	8.21875	0.39844	0.40625	50.000	
7	8.12500	8.17188	0.39062	0.39844	50.000	
7	8.17188	8.21875	0.39062	0.39844	4.578	
7	8.21875	8.26562	0.39844	0.40625	5.193	
7	8.26562	8.31250	0.39844	0.40625	1.972	
7	8.21875	8.26562	0.39062	0.39844	50.000	
7	8.26562	8.31250	0.39062	0.39844	4.537	
7	8.12500	8.17188	0.38281	0.39062	17.042	
7	8.17188	8.21875	0.38281	0.39062	50.000	
7	8.12500	8.17188	0.37500	0.38281	50.000	
7	8.17188	8.21875	0.37500	0.38281	19.140	
7	8.21875	8.26562	0.38281	0.39062	50.000	
7	8.26562	8.31250	0.38281	0.39062	4.505	
7	8.21875	8.26562	0.37500	0.38281	50.000	
7	8.26562	8.31250	0.37500	0.38281	50.000	
7	8.31250	8.35938	0.39844	0.40625	50.000	
7	8.35938	8.40625	0.39844	0.40625	50.000	
7	8.31250	8.35938	0.39062	0.39844	3.757	
7	8.35938	8.40625	0.39062	0.39844	3.876	
7	8.40625	8.45312	0.39844	0.40625	50.000	
7	8.45312	8.50000	0.39844	0.40625	50.000	
7	8.40625	8.45312	0.39062	0.39844	50.000	
7	8.45312	8.50000	0.39062	0.39844	50.000	
7	8.31250	8.35938	0.38281	0.39062	10.266	
7	8.35938	8.40625	0.38281	0.39062	5.551	
7	8.31250	8.35938	0.37500	0.38281	50.000	
7	8.35938	8.40625	0.37500	0.38281	50.000	
7	8.40625	8.45312	0.38281	0.39062	50.000	
7	8.45312	8.50000	0.38281	0.39062	50.000	
7	8.40625	8.45312	0.37500	0.38281	50.000	
7	8.45312	8.50000	0.37500	0.38281	50.000	
4	7.00000	7.37500	0.31250	0.37500	50.000	
4	7.37500	7.75000	0.31250	0.37500	50.000	
4	7.00000	7.37500	0.25000	0.31250	50.000	
4	7.37500	7.75000	0.25000	0.31250	50.000	
5	7.75000	7.93750	0.34375	0.37500	50.000	
6	7.93750	8.03125	0.35938	0.37500	50.000	
6	8.03125	8.12500	0.35938	0.37500	50.000	
6	7.93750	8.03125	0.34375	0.35938	50.000	
6	8.03125	8.12500	0.34375	0.35938	50.000	
5	7.75000	7.93750	0.31250	0.34375	50.000	
6	7.93750	8.03125	0.32812	0.34375	50.000	
6	8.03125	8.12500	0.32812	0.34375	50.000	
6	7.93750	8.03125	0.31250	0.32812	50.000	
6	8.03125	8.12500	0.31250	0.32812	50.000	
7	8.12500	8.17188	0.36719	0.37500	50.000	
7	8.17188	8.21875	0.36719	0.37500	50.000	
7	8.12500	8.17188	0.35938	0.36719	50.000	
7	8.17188	8.21875	0.35938	0.36719	50.000	
7	8.21875	8.26562	0.36719	0.37500	2.564	
7	8.26562	8.31250	0.36719	0.37500	50.000	
7	8.21875	8.26562	0.35938	0.36719	50.000	
7	8.26562	8.31250	0.35938	0.36719	50.000	
7	8.12500	8.17188	0.35156	0.35938	50.000	
7	8.17188	8.21875	0.35156	0.35938	50.000	
7	8.12500	8.17188	0.34375	0.35156	29.017	
7	8.17188	8.21875	0.34375	0.35156	50.000	
7	8.21875	8.26562	0.35156	0.35938	3.226	
7	8.26562	8.31250	0.35156	0.35938	2.067	
7	8.21875	8.26562	0.34375	0.35156	2.980	
7	8.26562	8.31250	0.34375	0.35156	3.089	
7	8.31250	8.35938	0.36719	0.37500	12.337	
7	8.35938	8.40625	0.36719	0.37500	50.000	
7	8.31250	8.35938	0.35938	0.36719	4.321	
7	8.35938	8.40625	0.35938	0.36719	50.000	
7	8.40625	8.45312	0.36719	0.37500	50.000	
7	8.45312	8.50000	0.36719	0.37500	50.000	
7	8.40625	8.45312	0.35938	0.36719	50.000	
7	8.45312	8.50000	0.35938	0.36719	50.000	
7	8.31250	8.35938	0.35156	0.35938	8.664	
7	8.35938	8.40625	0.35156	0.35938	50.000	
7	8.31250	8.35938	0.34375	0.35156	2.978	
7	8.35938	8.40625	0.34375	0.35156	50.000	
7	8.40625	8.45312	0.35156	0.35938	8.701	
7	8.45312	8.50000	0.35156	0.35938	50.000	
7	8.40625	8.45312	0.34375	0.35156	50.000	
7	8.45312	8.50000	0.34375	0.35156	50.000	
7	8.12500	8.17188	0.33594	0.34375	50.000	
7	8.17188	8.21875	0.33594	0.34375	50.000	
7	8.12500	8.17188	0.32812	0.33594	50.000	
7	8.17188	8.21875	0.32812	0.33594	50.000	
7	8.21875	8.26562	0.33594	0.34375	1.912	
7	8.26562	8.31250	0.33594	0.34375	1.949	
7	8.21875	8.26562	0.32812	0.33594	3.701	
7	8.26562	8.31250	0.32812	0.33594	8.672	
7	8.12500	8.17188	0.32031	0.32812	28.591	
7	8.17188	8.21875	0.32031	0.32812	3.658	
7	8.12500	8.17188	0.31250	0.32031	50.000	
7	8.17188	8.21875	0.31250	0.32031	1.685	
7	8.21875	8.26562	0.32031	0.32812	2.030	
7	8.26562	8.31250	0.32031	0.32812	1.995	
7	8.21875	8.26562	0.31250	0.32031	1.930	
7	8.26562	8.31250	0.31250	0.32031	2.018	
7	8.31250	8.35938	0.33594	0.34375	11.747	
7	8.35938	8.40625	0.33594	0.34375	7.897	
7	8.31250	8.35938	0.32812	0.33594	3.149	
7	8.35938	8.40625	0.32812	0.33594	7.564	
7	8.40625	8.45312	0.33594	0.34375	50.000	
7	8.45312	8.50000	0.33594	0.34375	50.000	
7	8.40625	8.45312	0.32812	0.33594	15.813	
7	8.45312	8.50000	0.32812	0.33594	50.000	
7	8.31250	8.35938	0.32031	0.32812	1.758	
7	8.35938	8.40625	0.32031	0.32812	50.000	
7	8.31250	8.35938	0.31250	0.32031	4.626	
7	8.35938	8.40625	0.31250	0.32031	4.795	
7	8.40625	8.45312	0.32031	0.32812	11.274	
7	8.45312	8.50000	0.32031	0.32812	50.000	
7	8.40625	8.45312	0.31250	0.32031	50.000	
7	8.45312	8.50000	0.31250	0.32031	86.274	
6	7.75000	7.84375	0.29688	0.31250	50.000	
6	7.84375	7.93750	0.29688	0.31250	50.000	
6	7.75000	7.84375	0.28125	0.29688	50.000	
7	7.84375	7.89062	0.28906	0.29688	50.000	
7	7.89062	7.93750	0.28906	0.29688	50.000	
7	7.84375	7.89062	0.28125	0.28906	50.000	
7	7.89062	7.93750	0.28125	0.28906	50.000	
6	7.93750	8.03125	0.29688	0.31250	50.000	
7	8.03125	8.07812	0.30469	0.31250	50.000	
7	8.07812	8.12500	0.30469	0.31250	50.000	
7	8.03125	8.07812	0.29688	0.30469	50.000	
7	8.07812	8.12500	0.29688	0.30469	50.000	
7	7.93750	7.98438	0.28906	0.29688	50.000	
7	7.98438	8.03125	0.28906	0.29688	50.000	
7	7.93750	7.98438	0.28125	0.28906	138.469	
7	7.98438	8.03125	0.28125	0.28906	50.000	
7	8.03125	8.07812	0.28906	0.29688	50.000	
7	8.07812	8.12500	0.28906	0.29688	50.000	
7	8.03125	8.07812	0.28125	0.28906	50.000	
7	8.07812	8.12500	0.28125	0.28906	50.000	
6	7.75000	7.84375	0.26562	0.28125	50.000	
6	7.84375	7.93750	0.26562	0.28125	50.000	
6	7.75000	7.84375	0.25000	0.26562	50.000	
6	7.84375	7.93750	0.25000	0.26562	50.000	
7	7.93750	7.98438	0.27344	0.28125	50.000	
7	7.98438	8.03125	0.27344	0.28125	50.000	
7	7.93750	7.98438	0.26562	0.27344	50.000	
7	7.98438	8.03125	0.26562	0.27344	50.000	
7	8.03125	8.07812	0.27344	0.28125	50.000	
7	8.07812	8.12500	0.27344	0.28125	50.000	
7	8.03125	8.07812	0.26562	0.27344	71.508	
7	8.07812	8.12500	0.26562	0.27344	9.340	
7	7.93750	7.98438	0.25781	0.26562	50.000	
7	7.98438	8.03125	0.25781	0.26562	50.000	
7	7.93750	7.98438	0.25000	0.25781	78.634	
7	7.98438	8.03125	0.25000	0.25781	66.939	
7	8.03125	8.07812	0.25781	0.26562	47.075	
7	8.07812	8.12500	0.25781	0.26562	32.892	
7	8.03125	8.07812	0.25000	0.25781	50.000	
7	8.07812	8.12500	0.25000	0.25781	65.930	
7	8.12500	8.17188	0.30469	0.31250	25.062	
7	8.17188	8.21875	0.30469	0.31250	3.256	
7	8.12500	8.17188	0.29688	0.30469	7.505	
7	8.17188	8.21875	0.29688	0.30469	1.933	
7	8.21875	8.26562	0.30469	0.31250	2.071	
7	8.26562	8.31250	0.30469	0.31250	1.990	
7	8.21875	8.26562	0.29688	0.30469	2.025	
7	8.26562	8.31250	0.29688	0.30469	1.932	
7	8.12500	8.17188	0.28906	0.29688	13.500	
7	8.17188	8.21875	0.28906	0.29688	3.121	
7	8.12500	8.17188	0.28125	0.28906	12.596	
7	8.17188	8.21875	0.28125	0.28906	10.375	
7	8.21875	8.26562	0.28906	0.29688	1.978	
7	8.26562	8.31250	0.28906	0.29688	1.991	
7	8.21875	8.26562	0.28125	0.28906	3.151	
7	8.26562	8.31250	0.28125	0.28906	2.011	
7	8.31250	8.35938	0.30469	0.31250	1.922	
7	8.35938	8.40625	0.30469	0.31250	11.799	
7	8.31250	8.35938	0.29688	0.30469	2.003	
7	8.35938	8.40625	0.29688	0.30469	3.656	
7	8.40625	8.45312	0.30469	0.31250	72.182	
7	8.45312	8.50000	0.30469	0.31250	66.915	
7	8.40625	8.45312	0.29688	0.30469	5.328	
7	8.45312	8.50000	0.29688	0.30469	25.202	
7	8.31250	8.35938	0.28906	0.29688	3.934	
7	8.35938	8.40625	0.28906	0.29688	5.310	
7	8.31250	8.35938	0.28125	0.28906	2.013	
7	8.35938	8.40625	0.28125	0.28906	3.144	
7	8.40625	8.45312	0.28906	0.29688	6.004	
7	8.45312	8.50000	0.28906	0.29688	2.961	
7	8.40625	8.45312	0.28125	0.28906	3.383	
7	8.45312	8.50000	0.28125	0.28906	6.711	
7	8.12500	8.17188	0.27344	0.28125	5.048	
7	8.17188	8.21875	0.27344	0.28125	2.040	
7	8.12500	8.17188	0.26562	0.27344	6.429	
7	8.17188	8.21875	0.26562	0.27344	1.647	
7	8.21875	8.26562	0.27344	0.28125	1.932	
7	8.26562	8.31250	0.27344	0.28125	2.012	
7	8.21875	8.26562	0.26562	0.27344	1.987	
7	8.26562	8.31250	0.26562	0.27344	1.974	
7	8.12500	8.17188	0.25781	0.26562	2.220	
7	8.17188	8.21875	0.25781	0.26562	1.894	
7	8.12500	8.17188	0.25000	0.25781	3.684	
7	8.17188	8.21875	0.25000	0.25781	2.770	
7	8.21875	8.26562	0.25781	0.26562	1.976	
7	8.26562	8.31250	0.25781	0.26562	3.083	
7	8.21875	8.26562	0.25000	0.25781	2.592	
7	8.26562	8.31250	0.25000	0.25781	3.651	
7	8.31250	8.35938	0.27344	0.28125	1.992	
7	8.35938	8.40625	0.27344	0.28125	2.349	
7	8.31250	8.35938	0.26562	0.27344	1.945	
7	8.35938	8.40625	0.26562	0.27344	2.231	
7	8.40625	8.45312	0.27344	0.28125	2.189	
7	8.45312	8.50000	0.27344	0.28125	2.008	
7	8.40625	8.45312	0.26562	0.27344	2.385	
7	8.45312	8.50000	0.26562	0.27344	2.699	
7	8.31250	8.35938	0.25781	0.26562	2.009	
7	8.35938	8.40625	0.25781	0.26562	1.884	
7	8.31250	8.35938	0.25000	0.25781	3.214	
7	8.35938	8.40625	0.25000	0.25781	1.815	
7	8.40625	8.45312	0.25781	0.26562	2.000	
7	8.45312	8.50000	0.25781	0.26562	1.900	
7	8.40625	8.45312	0.25000	0.25781	1.921	
7	8.45312	8.50000	0.25000	0.25781	2.000	
4	8.50000	8.87500	0.43750	0.50000	50.000	
4	8.87500	9.25000	0.43750	0.50000	50.000	
4	8.50000	8.87500	0.37500	0.43750	50.000	
5	8.87500	9.06250	0.40625	0.43750	50.000	
5	9.06250	9.25000	0.40625	0.43750	50.000	
5	8.87500	9.06250	0.37500	0.40625	50.000	
6	9.06250	9.15625	0.39062	0.40625	50.000	
6	9.15625	9.25000	0.39062	0.40625	50.000	
6	9.06250	9.15625	0.37500	0.39062	50.000	
6	9.15625	9.25000	0.37500	0.39062	50.000	
4	9.25000	9.62500	0.43750	0.50000	50.000	
5	9.62500	9.81250	0.46875	0.50000	50.000	
5	9.81250	10.00000	0.46875	0.50000	50.000	
6	9.62500	9.71875	0.45312	0.46875	50.000	
6	9.71875	9.81250	0.45312	0.46875	50.000	
6	9.62500	9.71875	0.43750	0.45312	50.000	
6	9.71875	9.81250	0.43750	0.45312	50.000	
5	9.81250	10.00000	0.43750	0.46875	50.000	
6	9.25000	9.34375	0.42188	0.43750	50.000	
6	9.34375	9.43750	0.42188	0.43750	50.000	
7	9.25000	9.29688	0.41406	0.42188	50.000	
7	9.29688	9.34375	0.41406	0.42188	50.000	
7	9.25000	9.29688	0.40625	0.41406	50.000	
7	9.29688	9.34375	0.40625	0.41406	50.000	
7	9.34375	9.39062	0.41406	0.42188	50.000	
7	9.39062	9.43750	0.41406	0.42188	50.000	
7	9.34375	9.39062	0.40625	0.41406	50.000	
7	9.39062	9.43750	0.40625	0.41406	50.000	
5	9.43750	9.62500	0.40625	0.43750	50.000	
7	9.25000	9.29688	0.39844	0.40625	58.385	
7	9.29688	9.34375	0.39844	0.40625	50.000	
7	9.25000	9.29688	0.39062	0.39844	50.000	
7	9.29688	9.34375	0.39062	0.39844	50.000	
7	9.34375	9.39062	0.39844	0.40625	50.000	
7	9.39062	9.43750	0.39844	0.40625	118.286	
7	9.34375	9.39062	0.39062	0.39844	50.000	
7	9.39062	9.43750	0.39062	0.39844	50.000	
7	9.25000	9.29688	0.38281	0.39062	50.000	
7	9.29688	9.34375	0.38281	0.39062	50.000	
7	9.25000	9.29688	0.37500	0.38281	50.000	
7	9.29688	9.34375	0.37500	0.38281	111.923	
7	9.34375	9.39062	0.38281	0.39062	86.955	
7	9.39062	9.43750	0.38281	0.39062	50.000	
7	9.34375	9.39062	0.37500	0.38281	50.000	
7	9.39062	9.43750	0.37500	0.38281	86.195	
7	9.43750	9.48438	0.39844	0.40625	50.000	
7	9.48438	9.53125	0.39844	0.40625	50.000	
7	9.43750	9.48438	0.39062	0.39844	50.000	
7	9.48438	9.53125	0.39062	0.39844	50.000	
7	9.53125	9.57812	0.39844	0.40625	50.000	
7	9.57812	9.62500	0.39844	0.40625	50.000	
7	9.53125	9.57812	0.39062	0.39844	72.867	
7	9.57812	9.62500	0.39062	0.39844	79.045	
7	9.43750	9.48438	0.38281	0.39062	102.750	
7	9.48438	9.53125	0.38281	0.39062	81.693	
7	9.43750	9.48438	0.37500	0.38281	50.000	
7	9.48438	9.53125	0.37500	0.38281	50.000	
7	9.53125	9.57812	0.38281	0.39062	50.000	
7	9.57812	9.62500	0.38281	0.39062	50.000	
7	9.53125	9.57812	0.37500	0.38281	41.755	
7	9.57812	9.62500	0.37500	0.38281	57.796	
7	9.62500	9.67188	0.42969	0.43750	50.000	
7	9.67188	9.71875	0.42969	0.43750	50.000	
7	9.62500	9.67188	0.42188	0.42969	50.000	
7	9.67188	9.71875	0.42188	0.42969	50.000	
7	9.71875	9.76562	0.42969	0.43750	50.000	
7	9.76562	9.81250	0.42969	0.43750	175.989	
7	9.71875	9.76562	0.42188	0.42969	50.000	
7	9.76562	9.81250	0.42188	0.42969	50.000	
7	9.62500	9.67188	0.41406	0.42188	50.000	
7	9.67188	9.71875	0.41406	0.42188	50.000	
7	9.62500	9.67188	0.40625	0.41406	50.000	
7	9.67188	9.71875	0.40625	0.41406	50.000	
7	9.71875	9.76562	0.41406	0.42188	50.000	
7	9.76562	9.81250	0.41406	0.42188	50.000	
7	9.71875	9.76562	0.40625	0.41406	57.865	
7	9.76562	9.81250	0.40625	0.41406	50.000	
7	9.81250	9.85938	0.42969	0.43750	50.000	
7	9.85938	9.90625	0.42969	0.43750	50.000	
7	9.81250	9.85938	0.42188	0.42969	50.000	
7	9.85938	9.90625	0.42188	0.42969	50.000	
7	9.90625	9.95312	0.42969	0.43750	50.000	
7	9.95312	10.00000	0.42969	0.43750	50.000	
7	9.90625	9.95312	0.42188	0.42969	50.000	
7	9.95312	10.00000	0.42188	0.42969	79.341	
7	9.81250	9.85938	0.41406	0.42188	50.000	
7	9.85938	9.90625	0.41406	0.42188	71.132	
7	9.81250	9.85938	0.40625	0.41406	67.218	
7	9.85938	9.90625	0.40625	0.41406	50.000	
7	9.90625	9.95312	0.41406	0.42188	50.000	
7	9.95312	10.00000	0.41406	0.42188	50.000	
7	9.90625	9.95312	0.40625	0.41406	60.193	
7	9.95312	10.00000	0.40625	0.41406	3.864	
7	9.62500	9.67188	0.39844	0.40625	50.000	
7	9.67188	9.71875	0.39844	0.40625	75.794	
7	9.62500	9.67188	0.39062	0.39844	41.678	
7	9.67188	9.71875	0.39062	0.39844	18.545	
7	9.71875	9.76562	0.39844	0.40625	59.153	
7	9.76562	9.81250	0.39844	0.40625	64.274	
7	9.71875	9.76562	0.39062	0.39844	82.769	
7	9.76562	9.81250	0.39062	0.39844	50.000	
7	9.62500	9.67188	0.38281	0.39062	30.313	
7	9.67188	9.71875	0.38281	0.39062	50.000	
7	9.62500	9.67188	0.37500	0.38281	45.645	
7	9.67188	9.71875	0.37500	0.38281	56.670	
7	9.71875	9.76562	0.38281	0.39062	50.000	
7	9.76562	9.81250	0.38281	0.39062	42.595	
7	9.71875	9.76562	0.37500	0.38281	57.646	
7	9.76562	9.81250	0.37500	0.38281	36.391	
7	9.81250	9.85938	0.39844	0.40625	55.902	
7	9.85938	9.90625	0.39844	0.40625	47.242	
7	9.81250	9.85938	0.39062	0.39844	26.016	
7	9.85938	9.90625	0.39062	0.39844	50.000	
7	9.90625	9.95312	0.39844	0.40625	56.097	
7	9.95312	10.00000	0.39844	0.40625	40.308	
7	9.90625	9.95312	0.39062	0.39844	91.524	
7	9.95312	10.00000	0.39062	0.39844	44.578	
7	9.81250	9.85938	0.38281	0.39062	48.717	
7	9.85938	9.90625	0.38281	0.39062	80.587	
7	9.81250	9.85938	0.37500	0.38281	32.915	
7	9.85938	9.90625	0.37500	0.38281	50.000	
7	9.90625	9.95312	0.38281	0.39062	50.000	
7	9.95312	10.00000	0.38281	0.39062	51.653	
7	9.90625	9.95312	0.37500	0.38281	43.833	
7	9.95312	10.00000	0.37500	0.38281	50.000	
5	8.50000	8.68750	0.34375	0.37500	50.000	
6	8.68750	8.78125	0.35938	0.37500	50.000	
7	8.78125	8.82812	0.36719	0.37500	50.000	
7	8.82812	8.87500	0.36719	0.37500	50.000	
7	8.78125	8.82812	0.35938	0.36719	50.000	
7	8.82812	8.87500	0.35938	0.36719	50.000	
7	8.68750	8.73438	0.35156	0.35938	50.000	
7	8.73438	8.78125	0.35156	0.35938	50.000	
7	8.68750	8.73438	0.34375	0.35156	50.000	
7	8.73438	8.78125	0.34375	0.35156	50.000	
7	8.78125	8.82812	0.35156	0.35938	50.000	
7	8.82812	8.87500	0.35156	0.35938	97.189	
7	8.78125	8.82812	0.34375	0.35156	12.693	
7	8.82812	8.87500	0.34375	0.35156	50.000	
6	8.50000	8.59375	0.32812	0.34375	50.000	
7	8.59375	8.64062	0.33594	0.34375	50.000	
7	8.64062	8.68750	0.33594	0.34375	50.000	
7	8.59375	8.64062	0.32812	0.33594	50.000	
7	8.64062	8.68750	0.32812	0.33594	50.000	
7	8.50000	8.54688	0.32031	0.32812	50.000	
7	8.54688	8.59375	0.32031	0.32812	50.000	
7	8.50000	8.54688	0.31250	0.32031	64.398	
7	8.54688	8.59375	0.31250	0.32031	76.475	
7	8.59375	8.64062	0.32031	0.32812	55.041	
7	8.64062	8.68750	0.32031	0.32812	92.957	
7	8.59375	8.64062	0.31250	0.32031	61.860	
7	8.64062	8.68750	0.31250	0.32031	59.788	
7	8.68750	8.73438	0.33594	0.34375	50.000	
7	8.73438	8.78125	0.33594	0.34375	50.000	
7	8.68750	8.73438	0.32812	0.33594	66.446	
7	8.73438	8.78125	0.32812	0.33594	50.000	
7	8.78125	8.82812	0.33594	0.34375	50.000	
7	8.82812	8.87500	0.33594	0.34375	50.000	
7	8.78125	8.82812	0.32812	0.33594	50.000	
7	8.82812	8.87500	0.32812	0.33594	50.000	
7	8.68750	8.73438	0.32031	0.32812	88.416	
7	8.73438	8.78125	0.32031	0.32812	84.014	
7	8.68750	8.73438	0.31250	0.32031	50.000	
7	8.73438	8.78125	0.31250	0.32031	60.506	
7	8.78125	8.82812	0.32031	0.32812	58.283	
7	8.82812	8.87500	0.32031	0.32812	50.000	
7	8.78125	8.82812	0.31250	0.32031	50.000	
7	8.82812	8.87500	0.31250	0.32031	50.000	
6	8.87500	8.96875	0.35938	0.37500	50.000	
7	8.96875	9.01562	0.36719	0.37500	50.000	
7	9.01562	9.06250	0.36719	0.37500	50.000	
7	8.96875	9.01562	0.35938	0.36719	50.000	
7	9.01562	9.06250	0.35938	0.36719	50.000	
7	8.87500	8.92188	0.35156	0.35938	50.000	
7	8.92188	8.96875	0.35156	0.35938	50.000	
7	8.87500	8.92188	0.34375	0.35156	74.687	
7	8.92188	8.96875	0.34375	0.35156	50.000	
7	8.96875	9.01562	0.35156	0.35938	50.000	
7	9.01562	9.06250	0.35156	0.35938	78.323	
7	8.96875	9.01562	0.34375	0.35156	66.796	
7	9.01562	9.06250	0.34375	0.35156	87.772	
7	9.06250	9.10938	0.36719	0.37500	50.000	
7	9.10938	9.15625	0.36719	0.37500	50.000	
7	9.06250	9.10938	0.35938	0.36719	52.004	
7	9.10938	9.15625	0.35938	0.36719	48.122	
7	9.15625	9.20312	0.36719	0.37500	50.000	
7	9.20312	9.25000	0.36719	0.37500	50.000	
7	9.15625	9.20312	0.35938	0.36719	52.940	
7	9.20312	9.25000	0.35938	0.36719	50.000	
7	9.06250	9.10938	0.35156	0.35938	50.000	
7	9.10938	9.15625	0.35156	0.35938	78.159	
7	9.06250	9.10938	0.34375	0.35156	63.994	
7	9.10938	9.15625	0.34375	0.35156	54.593	
7	9.15625	9.20312	0.35156	0.35938	68.811	
7	9.20312	9.25000	0.35156	0.35938	50.000	
7	9.15625	9.20312	0.34375	0.35156	63.792	
7	9.20312	9.25000	0.34375	0.35156	45.358	
7	8.87500	8.92188	0.33594	0.34375	50.000	
7	8.92188	8.96875	0.33594	0.34375	53.756	
7	8.87500	8.92188	0.32812	0.33594	59.237	
7	8.92188	8.96875	0.32812	0.33594	50.000	
7	8.96875	9.01562	0.33594	0.34375	88.356	
7	9.01562	9.06250	0.33594	0.34375	50.000	
7	8.96875	9.01562	0.32812	0.33594	49.074	
7	9.01562	9.06250	0.32812	0.33594	68.935	
7	8.87500	8.92188	0.32031	0.32812	72.707	
7	8.92188	8.96875	0.32031	0.32812	42.494	
7	8.87500	8.92188	0.31250	0.32031	46.691	
7	8.92188	8.96875	0.31250	0.32031	29.693	
7	8.96875	9.01562	0.32031	0.32812	54.559	
7	9.01562	9.06250	0.32031	0.32812	72.613	
7	8.96875	9.01562	0.31250	0.32031	59.676	
7	9.01562	9.06250	0.31250	0.32031	41.717	
7	9.06250	9.10938	0.33594	0.34375	62.511	
7	9.10938	9.15625	0.33594	0.34375	55.720	
7	9.06250	9.10938	0.32812	0.33594	61.274	
7	9.10938	9.15625	0.32812	0.33594	40.923	
7	9.15625	9.20312	0.33594	0.34375	50.000	
7	9.20312	9.25000	0.33594	0.34375	44.044	
7	9.15625	9.20312	0.32812	0.33594	43.999	
7	9.20312	9.25000	0.32812	0.33594	4.441	
7	9.06250	9.10938	0.32031	0.32812	37.351	
7	9.10938	9.15625	0.32031	0.32812	50.000	
7	9.06250	9.10938	0.31250	0.32031	21.632	
7	9.10938	9.15625	0.31250	0.32031	39.826	
7	9.15625	9.20312	0.32031	0.32812	47.804	
7	9.20312	9.25000	0.32031	0.32812	45.575	
7	9.15625	9.20312	0.31250	0.32031	38.812	
7	9.20312	9.25000	0.31250	0.32031	56.115	
7	8.50000	8.54688	0.30469	0.31250	76.023	
7	8.54688	8.59375	0.30469	0.31250	50.000	
7	8.50000	8.54688	0.29688	0.30469	53.261	
7	8.54688	8.59375	0.29688	0.30469	16.124	
7	8.59375	8.64062	0.30469	0.31250	50.000	
7	8.64062	8.68750	0.30469	0.31250	63.087	
7	8.59375	8.64062	0.29688	0.30469	22.024	
7	8.64062	8.68750	0.29688	0.30469	65.876	
7	8.50000	8.54688	0.28906	0.29688	16.257	
7	8.54688	8.59375	0.28906	0.29688	12.595	
7	8.50000	8.54688	0.28125	0.28906	1.962	
7	8.54688	8.59375	0.28125	0.28906	4.657	
7	8.59375	8.64062	0.28906	0.29688	34.120	
7	8.64062	8.68750	0.28906	0.29688	50.000	
7	8.59375	8.64062	0.28125	0.28906	36.677	
7	8.64062	8.68750	0.28125	0.28906	54.893	
7	8.68750	8.73438	0.30469	0.31250	41.202	
7	8.73438	8.78125	0.30469	0.31250	68.260	
7	8.68750	8.73438	0.29688	0.30469	64.353	
7	8.73438	8.78125	0.29688	0.30469	45.971	
7	8.78125	8.82812	0.30469	0.31250	44.881	
7	8.82812	8.87500	0.30469	0.31250	55.119	
7	8.78125	8.82812	0.29688	0.30469	63.601	
7	8.82812	8.87500	0.29688	0.30469	28.796	
7	8.68750	8.73438	0.28906	0.29688	25.698	
7	8.73438	8.78125	0.28906	0.29688	50.000	
7	8.68750	8.73438	0.28125	0.28906	55.752	
7	8.73438	8.78125	0.28125	0.28906	11.316	
7	8.78125	8.82812	0.28906	0.29688	36.441	
7	8.82812	8.87500	0.28906	0.29688	29.048	
7	8.78125	8.82812	0.28125	0.28906	49.867	
7	8.82812	8.87500	0.28125	0.28906	6.700	
7	8.50000	8.54688	0.27344	0.28125	3.238	
7	8.54688	8.59375	0.27344	0.28125	40.458	
7	8.50000	8.54688	0.26562	0.27344	1.877	
7	8.54688	8.59375	0.26562	0.27344	3.271	
7	8.59375	8.64062	0.27344	0.28125	16.294	
7	8.64062	8.68750	0.27344	0.28125	7.305	
7	8.59375	8.64062	0.26562	0.27344	35.397	
7	8.64062	8.68750	0.26562	0.27344	12.434	
7	8.50000	8.54688	0.25781	0.26562	4.169	
7	8.54688	8.59375	0.25781	0.26562	33.049	
7	8.50000	8.54688	0.25000	0.25781	2.393	
7	8.54688	8.59375	0.25000	0.25781	10.576	
7	8.59375	8.64062	0.25781	0.26562	9.361	
7	8.64062	8.68750	0.25781	0.26562	5.940	
7	8.59375	8.64062	0.25000	0.25781	9.341	
7	8.64062	8.68750	0.25000	0.25781	8.920	
7	8.68750	8.73438	0.27344	0.28125	43.166	
7	8.73438	8.78125	0.27344	0.28125	50.931	
7	8.68750	8.73438	0.26562	0.27344	31.684	
7	8.73438	8.78125	0.26562	0.27344	20.427	
7	8.78125	8.82812	0.27344	0.28125	31.832	
7	8.82812	8.87500	0.27344	0.28125	45.072	
7	8.78125	8.82812	0.26562	0.27344	48.884	
7	8.82812	8.87500	0.26562	0.27344	40.968	
7	8.68750	8.73438	0.25781	0.26562	38.582	
7	8.73438	8.78125	0.25781	0.26562	47.019	
7	8.68750	8.73438	0.25000	0.25781	15.171	
7	8.73438	8.78125	0.25000	0.25781	36.295	
7	8.78125	8.82812	0.25781	0.26562	32.173	
7	8.82812	8.87500	0.25781	0.26562	41.077	
7	8.78125	8.82812	0.25000	0.25781	38.419	
7	8.82812	8.87500	0.25000	0.25781	21.066	
7	8.87500	8.92188	0.30469	0.31250	18.894	
7	8.92188	8.96875	0.30469	0.31250	51.844	
7	8.87500	8.92188	0.29688	0.30469	50.000	
7	8.92188	8.96875	0.29688	0.30469	34.779	
7	8.96875	9.01562	0.30469	0.31250	54.896	
7	9.01562	9.06250	0.30469	0.31250	46.230	
7	8.96875	9.01562	0.29688	0.30469	55.109	
7	9.01562	9.06250	0.29688	0.30469	47.284	
7	8.87500	8.92188	0.28906	0.29688	52.737	
7	8.92188	8.96875	0.28906	0.29688	7.913	
7	8.87500	8.92188	0.28125	0.28906	12.503	
7	8.92188	8.96875	0.28125	0.28906	52.948	
7	8.96875	9.01562	0.28906	0.29688	33.094	
7	9.01562	9.06250	0.28906	0.29688	41.170	
7	8.96875	9.01562	0.28125	0.28906	19.563	
7	9.01562	9.06250	0.28125	0.28906	7.131	
7	9.06250	9.10938	0.30469	0.31250	37.670	
7	9.10938	9.15625	0.30469	0.31250	56.469	
7	9.06250	9.10938	0.29688	0.30469	40.055	
7	9.10938	9.15625	0.29688	0.30469	52.791	
7	9.15625	9.20312	0.30469	0.31250	47.978	
7	9.20312	9.25000	0.30469	0.31250	5.432	
7	9.15625	9.20312	0.29688	0.30469	27.968	
7	9.20312	9.25000	0.29688	0.30469	22.976	
7	9.06250	9.10938	0.28906	0.29688	36.373	
7	9.10938	9.15625	0.28906	0.29688	31.514	
7	9.06250	9.10938	0.28125	0.28906	12.993	
7	9.10938	9.15625	0.28125	0.28906	23.425	
7	9.15625	9.20312	0.28906	0.29688	35.574	
7	9.20312	9.25000	0.28906	0.29688	2.344	
7	9.15625	9.20312	0.28125	0.28906	2.638	
7	9.20312	9.25000	0.28125	0.28906	2.120	
7	8.87500	8.92188	0.27344	0.28125	43.417	
7	8.92188	8.96875	0.27344	0.28125	31.553	
7	8.87500	8.92188	0.26562	0.27344	32.344	
7	8.92188	8.96875	0.26562	0.27344	15.952	
7	8.96875	9.01562	0.27344	0.28125	29.440	
7	9.01562	9.06250	0.27344	0.28125	29.848	
7	8.96875	9.01562	0.26562	0.27344	14.355	
7	9.01562	9.06250	0.26562	0.27344	43.263	
7	8.87500	8.92188	0.25781	0.26562	39.712	
7	8.92188	8.96875	0.25781	0.26562	42.421	
7	8.87500	8.92188	0.25000	0.25781	34.691	
7	8.92188	8.96875	0.25000	0.25781	15.178	
7	8.96875	9.01562	0.25781	0.26562	20.451	
7	9.01562	9.06250	0.25781	0.26562	19.476	
7	8.96875	9.01562	0.25000	0.25781	38.818	
7	9.01562	9.06250	0.25000	0.25781	6.672	
7	9.06250	9.10938	0.27344	0.28125	3.120	
7	9.10938	9.15625	0.27344	0.28125	11.370	
7	9.06250	9.10938	0.26562	0.27344	14.845	
7	9.10938	9.15625	0.26562	0.27344	9.046	
7	9.15625	9.20312	0.27344	0.28125	2.016	
7	9.20312	9.25000	0.27344	0.28125	1.968	
7	9.15625	9.20312	0.26562	0.27344	2.170	
7	9.20312	9.25000	0.26562	0.27344	1.977	
7	9.06250	9.10938	0.25781	0.26562	31.099	
7	9.10938	9.15625	0.25781	0.26562	16.365	
7	9.06250	9.10938	0.25000	0.25781	22.626	
7	9.10938	9.15625	0.25000	0.25781	3.229	
7	9.15625	9.20312	0.25781	0.26562	2.201	
7	9.20312	9.25000	0.25781	0.26562	2.000	
7	9.15625	9.20312	0.25000	0.25781	6.759	
7	9.20312	9.25000	0.25000	0.25781	2.082	
7	9.25000	9.29688	0.36719	0.37500	66.710	
7	9.29688	9.34375	0.36719	0.37500	50.000	
7	9.25000	9.29688	0.35938	0.36719	50.000	
7	9.29688	9.34375	0.35938	0.36719	55.012	
7	9.34375	9.39062	0.36719	0.37500	69.007	
7	9.39062	9.43750	0.36719	0.37500	50.000	
7	9.34375	9.39062	0.35938	0.36719	46.930	
7	9.39062	9.43750	0.35938	0.36719	50.000	
7	9.25000	9.29688	0.35156	0.35938	38.568	
7	9.29688	9.34375	0.35156	0.35938	66.011	
7	9.25000	9.29688	0.34375	0.35156	46.990	
7	9.29688	9.34375	0.34375	0.35156	50.000	
7	9.34375	9.39062	0.35156	0.35938	41.798	
7	9.39062	9.43750	0.35156	0.35938	73.460	
7	9.34375	9.39062	0.34375	0.35156	50.000	
7	9.39062	9.43750	0.34375	0.35156	39.095	
7	9.43750	9.48438	0.36719	0.37500	72.125	
7	9.48438	9.53125	0.36719	0.37500	62.081	
7	9.43750	9.48438	0.35938	0.36719	50.000	
7	9.48438	9.53125	0.35938	0.36719	50.000	
7	9.53125	9.57812	0.36719	0.37500	50.000	
7	9.57812	9.62500	0.36719	0.37500	53.208	
7	9.53125	9.57812	0.35938	0.36719	40.989	
7	9.57812	9.62500	0.35938	0.36719	42.962	
7	9.43750	9.48438	0.35156	0.35938	42.663	
7	9.48438	9.53125	0.35156	0.35938	50.000	
7	9.43750	9.48438	0.34375	0.35156	56.966	
7	9.48438	9.53125	0.34375	0.35156	46.399	
7	9.53125	9.57812	0.35156	0.35938	36.020	
7	9.57812	9.62500	0.35156	0.35938	50.000	
7	9.53125	9.57812	0.34375	0.35156	32.584	
7	9.57812	9.62500	0.34375	0.35156	42.426	
7	9.25000	9.29688	0.33594	0.34375	45.037	
7	9.29688	9.34375	0.33594	0.34375	56.487	
7	9.25000	9.29688	0.32812	0.33594	50.000	
7	9.29688	9.34375	0.32812	0.33594	37.094	
7	9.34375	9.39062	0.33594	0.34375	53.909	
7	9.39062	9.43750	0.33594	0.34375	51.612	
7	9.34375	9.39062	0.32812	0.33594	5.341	
7	9.39062	9.43750	0.32812	0.33594	35.129	
7	9.25000	9.29688	0.32031	0.32812	24.773	
7	9.29688	9.34375	0.32031	0.32812	47.116	
7	9.25000	9.29688	0.31250	0.32031	36.968	
7	9.29688	9.34375	0.31250	0.32031	41.873	
7	9.34375	9.39062	0.32031	0.32812	38.033	
7	9.39062	9.43750	0.32031	0.32812	48.465	
7	9.34375	9.39062	0.31250	0.32031	44.703	
7	9.39062	9.43750	0.31250	0.32031	50.382	
7	9.43750	9.48438	0.33594	0.34375	50.000	
7	9.48438	9.53125	0.33594	0.34375	37.796	
7	9.43750	9.48438	0.32812	0.33594	50.000	
7	9.48438	9.53125	0.32812	0.33594	27.825	
7	9.53125	9.57812	0.33594	0.34375	44.451	
7	9.57812	9.62500	0.33594	0.34375	33.945	
7	9.53125	9.57812	0.32812	0.33594	40.537	
7	9.57812	9.62500	0.32812	0.33594	47.081	
7	9.43750	9.48438	0.32031	0.32812	50.000	
7	9.48438	9.53125	0.32031	0.32812	22.700	
7	9.43750	9.48438	0.31250	0.32031	16.854	
7	9.48438	9.53125	0.31250	0.32031	30.946	
7	9.53125	9.57812	0.32031	0.32812	48.214	
7	9.57812	9.62500	0.32031	0.32812	43.170	
7	9.53125	9.57812	0.31250	0.32031	43.918	
7	9.57812	9.62500	0.31250	0.32031	19.274	
7	9.62500	9.67188	0.36719	0.37500	50.000	
7	9.67188	9.71875	0.36719	0.37500	51.518	
7	9.62500	9.67188	0.35938	0.36719	50.000	
7	9.67188	9.71875	0.35938	0.36719	44.849	
7	9.71875	9.76562	0.36719	0.37500	52.820	
7	9.76562	9.81250	0.36719	0.37500	32.316	
7	9.71875	9.76562	0.35938	0.36719	20.334	
7	9.76562	9.81250	0.35938	0.36719	62.908	
7	9.62500	9.67188	0.35156	0.35938	50.000	
7	9.67188	9.71875	0.35156	0.35938	31.381	
7	9.62500	9.67188	0.34375	0.35156	39.286	
7	9.67188	9.71875	0.34375	0.35156	50.000	
7	9.71875	9.76562	0.35156	0.35938	50.000	
7	9.76562	9.81250	0.35156	0.35938	38.090	
7	9.71875	9.76562	0.34375	0.35156	51.677	
7	9.76562	9.81250	0.34375	0.35156	34.162	
7	9.81250	9.85938	0.36719	0.37500	33.439	
7	9.85938	9.90625	0.36719	0.37500	50.000	
7	9.81250	9.85938	0.35938	0.36719	50.000	
7	9.85938	9.90625	0.35938	0.36719	50.000	
7	9.90625	9.95312	0.36719	0.37500	15.102	
7	9.95312	10.00000	0.36719	0.37500	33.887	
7	9.90625	9.95312	0.35938	0.36719	30.966	
7	9.95312	10.00000	0.35938	0.36719	47.383	
7	9.81250	9.85938	0.35156	0.35938	26.853	
7	9.85938	9.90625	0.35156	0.35938	42.080	
7	9.81250	9.85938	0.34375	0.35156	32.999	
7	9.85938	9.90625	0.34375	0.35156	35.689	
7	9.90625	9.95312	0.35156	0.35938	51.879	
7	9.95312	10.00000	0.35156	0.35938	2.206	
7	9.90625	9.95312	0.34375	0.35156	50.000	
7	9.95312	10.00000	0.34375	0.35156	1.991	
7	9.62500	9.67188	0.33594	0.34375	51.197	
7	9.67188	9.71875	0.33594	0.34375	41.891	
7	9.62500	9.67188	0.32812	0.33594	26.398	
7	9.67188	9.71875	0.32812	0.33594	15.638	
7	9.71875	9.76562	0.33594	0.34375	43.986	
7	9.76562	9.81250	0.33594	0.34375	50.000	
7	9.71875	9.76562	0.32812	0.33594	29.348	
7	9.76562	9.81250	0.32812	0.33594	40.393	
7	9.62500	9.67188	0.32031	0.32812	44.803	
7	9.67188	9.71875	0.32031	0.32812	31.705	
7	9.62500	9.67188	0.31250	0.32031	24.410	
7	9.67188	9.71875	0.31250	0.32031	22.700	
7	9.71875	9.76562	0.32031	0.32812	28.501	
7	9.76562	9.81250	0.32031	0.32812	25.205	
7	9.71875	9.76562	0.31250	0.32031	18.012	
7	9.76562	9.81250	0.31250	0.32031	30.549	
7	9.81250	9.85938	0.33594	0.34375	28.103	
7	9.85938	9.90625	0.33594	0.34375	40.461	
7	9.81250	9.85938	0.32812	0.33594	35.385	
7	9.85938	9.90625	0.32812	0.33594	1.999	
7	9.90625	9.95312	0.33594	0.34375	1.951	
7	9.95312	10.00000	0.33594	0.34375	2.003	
7	9.90625	9.95312	0.32812	0.33594	1.976	
7	9.95312	10.00000	0.32812	0.33594	1.972	
7	9.81250	9.85938	0.32031	0.32812	24.333	
7	9.85938	9.90625	0.32031	0.32812	2.007	
7	9.81250	9.85938	0.31250	0.32031	29.658	
7	9.85938	9.90625	0.31250	0.32031	2.007	
6	9.90625	10.00000	0.31250	0.32812	2.002	
7	9.25000	9.29688	0.30469	0.31250	7.470	
7	9.29688	9.34375	0.30469	0.31250	38.308	
7	9.25000	9.29688	0.29688	0.30469	2.010	
7	9.29688	9.34375	0.29688	0.30469	40.807	
7	9.34375	9.39062	0.30469	0.31250	40.137	
7	9.39062	9.43750	0.30469	0.31250	35.336	
7	9.34375	9.39062	0.29688	0.30469	34.720	
7	9.39062	9.43750	0.29688	0.30469	37.198	
7	9.25000	9.29688	0.28906	0.29688	2.260	
7	9.29688	9.34375	0.28906	0.29688	32.799	
7	9.25000	9.29688	0.28125	0.28906	2.086	
7	9.29688	9.34375	0.28125	0.28906	29.056	
7	9.34375	9.39062	0.28906	0.29688	36.771	
7	9.39062	9.43750	0.28906	0.29688	26.911	
7	9.34375	9.39062	0.28125	0.28906	23.767	
7	9.39062	9.43750	0.28125	0.28906	27.282	
7	9.43750	9.48438	0.30469	0.31250	35.821	
7	9.48438	9.53125	0.30469	0.31250	10.499	
7	9.43750	9.48438	0.29688	0.30469	12.932	
7	9.48438	9.53125	0.29688	0.30469	29.434	
7	9.53125	9.57812	0.30469	0.31250	31.865	
7	9.57812	9.62500	0.30469	0.31250	24.443	
7	9.53125	9.57812	0.29688	0.30469	17.569	
7	9.57812	9.62500	0.29688	0.30469	31.316	
7	9.43750	9.48438	0.28906	0.29688	14.889	
7	9.48438	9.53125	0.28906	0.29688	17.297	
7	9.43750	9.48438	0.28125	0.28906	31.174	
7	9.48438	9.53125	0.28125	0.28906	27.758	
7	9.53125	9.57812	0.28906	0.29688	17.128	
7	9.57812	9.62500	0.28906	0.29688	8.288	
7	9.53125	9.57812	0.28125	0.28906	2.013	
7	9.57812	9.62500	0.28125	0.28906	24.674	
7	9.25000	9.29688	0.27344	0.28125	1.981	
7	9.29688	9.34375	0.27344	0.28125	8.307	
7	9.25000	9.29688	0.26562	0.27344	4.310	
7	9.29688	9.34375	0.26562	0.27344	22.988	
7	9.34375	9.39062	0.27344	0.28125	25.109	
7	9.39062	9.43750	0.27344	0.28125	18.093	
7	9.34375	9.39062	0.26562	0.27344	22.792	
7	9.39062	9.43750	0.26562	0.27344	17.696	
7	9.25000	9.29688	0.25781	0.26562	1.944	
7	9.29688	9.34375	0.25781	0.26562	19.133	
7	9.25000	9.29688	0.25000	0.25781	6.750	
7	9.29688	9.34375	0.25000	0.25781	4.049	
7	9.34375	9.39062	0.25781	0.26562	10.258	
7	9.39062	9.43750	0.25781	0.26562	9.507	
7	9.34375	9.39062	0.25000	0.25781	10.764	
7	9.39062	9.43750	0.25000	0.25781	15.669	
7	9.43750	9.48438	0.27344	0.28125	19.477	
7	9.48438	9.53125	0.27344	0.28125	9.879	
7	9.43750	9.48438	0.26562	0.27344	29.980	
7	9.48438	9.53125	0.26562	0.27344	7.583	
7	9.53125	9.57812	0.27344	0.28125	6.458	
7	9.57812	9.62500	0.27344	0.28125	13.496	
7	9.53125	9.57812	0.26562	0.27344	2.974	
7	9.57812	9.62500	0.26562	0.27344	2.685	
7	9.43750	9.48438	0.25781	0.26562	1.717	
7	9.48438	9.53125	0.25781	0.26562	1.863	
7	9.43750	9.48438	0.25000	0.25781	1.763	
7	9.48438	9.53125	0.25000	0.25781	21.566	
7	9.53125	9.57812	0.25781	0.26562	10.757	
7	9.57812	9.62500	0.25781	0.26562	2.009	
7	9.53125	9.57812	0.25000	0.25781	6.986	
7	9.57812	9.62500	0.25000	0.25781	1.998	
7	9.62500	9.67188	0.30469	0.31250	30.252	
7	9.67188	9.71875	0.30469	0.31250	20.434	
7	9.62500	9.67188	0.29688	0.30469	28.283	
7	9.67188	9.71875	0.29688	0.30469	32.505	
7	9.71875	9.76562	0.30469	0.31250	26.879	
7	9.76562	9.81250	0.30469	0.31250	33.984	
7	9.71875	9.76562	0.29688	0.30469	1.996	
7	9.76562	9.81250	0.29688	0.30469	2.061	
7	9.62500	9.67188	0.28906	0.29688	21.500	
7	9.67188	9.71875	0.28906	0.29688	24.430	
7	9.62500	9.67188	0.28125	0.28906	19.436	
7	9.67188	9.71875	0.28125	0.28906	2.014	
7	9.71875	9.76562	0.28906	0.29688	19.048	
7	9.76562	9.81250	0.28906	0.29688	8.933	
7	9.71875	9.76562	0.28125	0.28906	14.065	
7	9.76562	9.81250	0.28125	0.28906	1.897	
7	9.81250	9.85938	0.30469	0.31250	21.677	
7	9.85938	9.90625	0.30469	0.31250	2.479	
7	9.81250	9.85938	0.29688	0.30469	20.532	
7	9.85938	9.90625	0.29688	0.30469	9.724	
7	9.90625	9.95312	0.30469	0.31250	1.984	
7	9.95312	10.00000	0.30469	0.31250	1.976	
7	9.90625	9.95312	0.29688	0.30469	1.982	
7	9.95312	10.00000	0.29688	0.30469	2.008	
7	9.81250	9.85938	0.28906	0.29688	14.511	
7	9.85938	9.90625	0.28906	0.29688	16.471	
7	9.81250	9.85938	0.28125	0.28906	11.777	
7	9.85938	9.90625	0.28125	0.28906	27.634	
7	9.90625	9.95312	0.28906	0.29688	1.978	
7	9.95312	10.00000	0.28906	0.29688	1.925	
7	9.90625	9.95312	0.28125	0.28906	1.995	
7	9.95312	10.00000	0.28125	0.28906	2.013	
7	9.62500	9.67188	0.27344	0.28125	5.700	
7	9.67188	9.71875	0.27344	0.28125	23.724	
7	9.62500	9.67188	0.26562	0.27344	1.946	
7	9.67188	9.71875	0.26562	0.27344	1.960	
7	9.71875	9.76562	0.27344	0.28125	2.303	
7	9.76562	9.81250	0.27344	0.28125	1.720	
7	9.71875	9.76562	0.26562	0.27344	1.976	
7	9.76562	9.81250	0.26562	0.27344	2.017	
7	9.62500	9.67188	0.25781	0.26562	21.078	
7	9.67188	9.71875	0.25781	0.26562	3.414	
7	9.62500	9.67188	0.25000	0.25781	20.801	
7	9.67188	9.71875	0.25000	0.25781	2.028	
7	9.71875	9.76562	0.25781	0.26562	2.700	
7	9.76562	9.81250	0.25781	0.26562	2.185	
7	9.71875	9.76562	0.25000	0.25781	2.767	
7	9.76562	9.81250	0.25000	0.25781	1.936	
7	9.81250	9.85938	0.27344	0.28125	22.058	
7	9.85938	9.90625	0.27344	0.28125	23.762	
7	9.81250	9.85938	0.26562	0.27344	3.633	
7	9.85938	9.90625	0.26562	0.27344	1.974	
7	9.90625	9.95312	0.27344	0.28125	2.010	
7	9.95312	10.00000	0.27344	0.28125	2.015	
7	9.90625	9.95312	0.26562	0.27344	1.995	
7	9.95312	10.00000	0.26562	0.27344	2.011	
7	9.81250	9.85938	0.25781	0.26562	2.074	
7	9.85938	9.90625	0.25781	0.26562	3.655	
7	9.81250	9.85938	0.25000	0.25781	2.023	
7	9.85938	9.90625	0.25000	0.25781	11.256	
7	9.90625	9.95312	0.25781	0.26562	2.003	
7	9.95312	10.00000	0.25781	0.26562	2.010	
7	9.90625	9.95312	0.25000	0.25781	2.001	
7	9.95312	10.00000	0.25000	0.25781	1.982	
5	7.00000	7.18750	0.21875	0.25000	50.000	
5	7.18750	7.37500	0.21875	0.25000	50.000	
5	7.00000	7.18750	0.18750	0.21875	50.000	
6	7.18750	7.28125	0.20312	0.21875	50.000	
7	7.28125	7.32812	0.21094	0.21875	50.000	
7	7.32812	7.37500	0.21094	0.21875	50.000	
7	7.28125	7.32812	0.20312	0.21094	50.000	
7	7.32812	7.37500	0.20312	0.21094	50.000	
7	7.18750	7.23438	0.19531	0.20312	50.000	
7	7.23438	7.28125	0.19531	0.20312	50.000	
7	7.18750	7.23438	0.18750	0.19531	50.000	
7	7.23438	7.28125	0.18750	0.19531	50.000	
7	7.28125	7.32812	0.19531	0.20312	50.000	
7	7.32812	7.37500	0.19531	0.20312	47.804	
7	7.28125	7.32812	0.18750	0.19531	61.624	
7	7.32812	7.37500	0.18750	0.19531	50.000	
6	7.37500	7.46875	0.23438	0.25000	50.000	
7	7.46875	7.51562	0.24219	0.25000	50.000	
7	7.51562	7.56250	0.24219	0.25000	50.000	
7	7.46875	7.51562	0.23438	0.24219	50.000	
7	7.51562	7.56250	0.23438	0.24219	50.000	
7	7.37500	7.42188	0.22656	0.23438	50.000	
7	7.42188	7.46875	0.22656	0.23438	50.000	
7	7.37500	7.42188	0.21875	0.22656	50.000	
7	7.42188	7.46875	0.21875	0.22656	50.000	
7	7.46875	7.51562	0.22656	0.23438	50.000	
7	7.51562	7.56250	0.22656	0.23438	50.000	
7	7.46875	7.51562	0.21875	0.22656	50.000	
7	7.51562	7.56250	0.21875	0.22656	50.000	
7	7.56250	7.60938	0.24219	0.25000	50.000	
7	7.60938	7.65625	0.24219	0.25000	50.000	
7	7.56250	7.60938	0.23438	0.24219	60.001	
7	7.60938	7.65625	0.23438	0.24219	50.000	
7	7.65625	7.70312	0.24219	0.25000	50.000	
7	7.70312	7.75000	0.24219	0.25000	50.000	
7	7.65625	7.70312	0.23438	0.24219	50.000	
7	7.70312	7.75000	0.23438	0.24219	50.000	
7	7.56250	7.60938	0.22656	0.23438	50.000	
7	7.60938	7.65625	0.22656	0.23438	50.000	
7	7.56250	7.60938	0.21875	0.22656	54.883	
7	7.60938	7.65625	0.21875	0.22656	50.000	
7	7.65625	7.70312	0.22656	0.23438	50.000	
7	7.70312	7.75000	0.22656	0.23438	50.000	
7	7.65625	7.70312	0.21875	0.22656	50.000	
7	7.70312	7.75000	0.21875	0.22656	77.650	
7	7.37500	7.42188	0.21094	0.21875	154.358	
7	7.42188	7.46875	0.21094	0.21875	50.000	
7	7.37500	7.42188	0.20312	0.21094	50.000	
7	7.42188	7.46875	0.20312	0.21094	50.000	
7	7.46875	7.51562	0.21094	0.21875	84.395	
7	7.51562	7.56250	0.21094	0.21875	50.000	
7	7.46875	7.51562	0.20312	0.21094	50.000	
7	7.51562	7.56250	0.20312	0.21094	50.000	
7	7.37500	7.42188	0.19531	0.20312	46.631	
7	7.42188	7.46875	0.19531	0.20312	79.002	
7	7.37500	7.42188	0.18750	0.19531	50.000	
7	7.42188	7.46875	0.18750	0.19531	74.198	
7	7.46875	7.51562	0.19531	0.20312	50.000	
7	7.51562	7.56250	0.19531	0.20312	57.028	
7	7.46875	7.51562	0.18750	0.19531	49.982	
7	7.51562	7.56250	0.18750	0.19531	89.324	
7	7.56250	7.60938	0.21094	0.21875	50.000	
7	7.60938	7.65625	0.21094	0.21875	50.000	
7	7.56250	7.60938	0.20312	0.21094	40.310	
7	7.60938	7.65625	0.20312	0.21094	50.000	
7	7.65625	7.70312	0.21094	0.21875	50.000	
7	7.70312	7.75000	0.21094	0.21875	58.744	
7	7.65625	7.70312	0.20312	0.21094	69.285	
7	7.70312	7.75000	0.20312	0.21094	57.873	
7	7.56250	7.60938	0.19531	0.20312	70.407	
7	7.60938	7.65625	0.19531	0.20312	48.205	
7	7.56250	7.60938	0.18750	0.19531	50.000	
7	7.60938	7.65625	0.18750	0.19531	64.581	
7	7.65625	7.70312	0.19531	0.20312	38.001	
7	7.70312	7.75000	0.19531	0.20312	53.408	
7	7.65625	7.70312	0.18750	0.19531	66.475	
7	7.70312	7.75000	0.18750	0.19531	57.009	
6	7.00000	7.09375	0.17188	0.18750	50.000	
7	7.09375	7.14062	0.17969	0.18750	50.000	
7	7.14062	7.18750	0.17969	0.18750	50.000	
7	7.09375	7.14062	0.17188	0.17969	50.000	
7	7.14062	7.18750	0.17188	0.17969	50.000	
7	7.00000	7.04688	0.16406	0.17188	50.000	
7	7.04688	7.09375	0.16406	0.17188	50.000	
7	7.00000	7.04688	0.15625	0.16406	50.000	
7	7.04688	7.09375	0.15625	0.16406	50.000	
7	7.09375	7.14062	0.16406	0.17188	50.000	
7	7.14062	7.18750	0.16406	0.17188	93.697	
7	7.09375	7.14062	0.15625	0.16406	50.000	
7	7.14062	7.18750	0.15625	0.16406	50.000	
7	7.18750	7.23438	0.17969	0.18750	50.000	
7	7.23438	7.28125	0.17969	0.18750	45.672	
7	7.18750	7.23438	0.17188	0.17969	50.000	
7	7.23438	7.28125	0.17188	0.17969	50.000	
7	7.28125	7.32812	0.17969	0.18750	50.000	
7	7.32812	7.37500	0.17969	0.18750	100.061	
7	7.28125	7.32812	0.17188	0.17969	88.143	
7	7.32812	7.37500	0.17188	0.17969	80.511	
7	7.18750	7.23438	0.16406	0.17188	50.000	
7	7.23438	7.28125	0.16406	0.17188	107.597	
7	7.18750	7.23438	0.15625	0.16406	94.830	
7	7.23438	7.28125	0.15625	0.16406	86.290	
7	7.28125	7.32812	0.16406	0.17188	85.175	
7	7.32812	7.37500	0.16406	0.17188	61.220	
7	7.28125	7.32812	0.15625	0.16406	72.528	
7	7.32812	7.37500	0.15625	0.16406	50.000	
7	7.00000	7.04688	0.14844	0.15625	82.173	
7	7.04688	7.09375	0.14844	0.15625	50.000	
7	7.00000	7.04688	0.14062	0.14844	1.930	
7	7.04688	7.09375	0.14062	0.14844	5.333	
7	7.09375	7.14062	0.14844	0.15625	50.000	
7	7.14062	7.18750	0.14844	0.15625	50.000	
7	7.09375	7.14062	0.14062	0.14844	99.769	
7	7.14062	7.18750	0.14062	0.14844	87.703	
7	7.00000	7.04688	0.13281	0.14062	1.971	
7	7.04688	7.09375	0.13281	0.14062	90.757	
7	7.00000	7.04688	0.12500	0.13281	1.993	
7	7.04688	7.09375	0.12500	0.13281	7.348	
7	7.09375	7.14062	0.13281	0.14062	76.207	
7	7.14062	7.18750	0.13281	0.14062	32.497	
7	7.09375	7.14062	0.12500	0.13281	50.000	
7	7.14062	7.18750	0.12500	0.13281	63.987	
7	7.18750	7.23438	0.14844	0.15625	50.000	
7	7.23438	7.28125	0.14844	0.15625	87.038	
7	7.18750	7.23438	0.14062	0.14844	51.289	
7	7.23438	7.28125	0.14062	0.14844	50.000	
7	7.28125	7.32812	0.14844	0.15625	66.036	
7	7.32812	7.37500	0.14844	0.15625	64.491	
7	7.28125	7.32812	0.14062	0.14844	27.485	
7	7.32812	7.37500	0.14062	0.14844	28.127	
7	7.18750	7.23438	0.13281	0.14062	76.118	
7	7.23438	7.28125	0.13281	0.14062	63.121	
7	7.18750	7.23438	0.12500	0.13281	50.000	
7	7.23438	7.28125	0.12500	0.13281	64.057	
7	7.28125	7.32812	0.13281	0.14062	53.977	
7	7.32812	7.37500	0.13281	0.14062	57.537	
7	7.28125	7.32812	0.12500	0.13281	50.000	
7	7.32812	7.37500	0.12500	0.13281	56.986	
7	7.37500	7.42188	0.17969	0.18750	113.930	
7	7.42188	7.46875	0.17969	0.18750	74.643	
7	7.37500	7.42188	0.17188	0.17969	50.000	
7	7.42188	7.46875	0.17188	0.17969	50.000	
7	7.46875	7.51562	0.17969	0.18750	84.153	
7	7.51562	7.56250	0.17969	0.18750	54.067	
7	7.46875	7.51562	0.17188	0.17969	78.727	
7	7.51562	7.56250	0.17188	0.17969	72.537	
7	7.37500	7.42188	0.16406	0.17188	83.118	
7	7.42188	7.46875	0.16406	0.17188	86.294	
7	7.37500	7.42188	0.15625	0.16406	60.681	
7	7.42188	7.46875	0.15625	0.16406	54.865	
7	7.46875	7.51562	0.16406	0.17188	55.046	
7	7.51562	7.56250	0.16406	0.17188	66.644	
7	7.46875	7.51562	0.15625	0.16406	63.207	
7	7.51562	7.56250	0.15625	0.16406	36.962	
7	7.56250	7.60938	0.17969	0.18750	52.889	
7	7.60938	7.65625	0.17969	0.18750	50.692	
7	7.56250	7.60938	0.17188	0.17969	56.271	
7	7.60938	7.65625	0.17188	0.17969	52.910	
7	7.65625	7.70312	0.17969	0.18750	60.900	
7	7.70312	7.75000	0.17969	0.18750	54.792	
7	7.65625	7.70312	0.17188	0.17969	5.739	
7	7.70312	7.75000	0.17188	0.17969	8.681	
7	7.56250	7.60938	0.16406	0.17188	47.106	
7	7.60938	7.65625	0.16406	0.17188	45.765	
7	7.56250	7.60938	0.15625	0.16406	37.569	
7	7.60938	7.65625	0.15625	0.16406	15.810	
7	7.65625	7.70312	0.16406	0.17188	15.537	
7	7.70312	7.75000	0.16406	0.17188	35.526	
7	7.65625	7.70312	0.15625	0.16406	35.734	
7	7.70312	7.75000	0.15625	0.16406	19.586	
7	7.37500	7.42188	0.14844	0.15625	42.349	
7	7.42188	7.46875	0.14844	0.15625	44.480	
7	7.37500	7.42188	0.14062	0.14844	48.490	
7	7.42188	7.46875	0.14062	0.14844	50.000	
7	7.46875	7.51562	0.14844	0.15625	32.256	
7	7.51562	7.56250	0.14844	0.15625	50.000	
7	7.46875	7.51562	0.14062	0.14844	48.955	
7	7.51562	7.56250	0.14062	0.14844	11.086	
7	7.37500	7.42188	0.13281	0.14062	33.858	
7	7.42188	7.46875	0.13281	0.14062	47.656	
7	7.37500	7.42188	0.12500	0.13281	10.028	
7	7.42188	7.46875	0.12500	0.13281	50.000	
7	7.46875	7.51562	0.13281	0.14062	49.772	
7	7.51562	7.56250	0.13281	0.14062	18.201	
7	7.46875	7.51562	0.12500	0.13281	16.935	
7	7.51562	7.56250	0.12500	0.13281	10.977	
7	7.56250	7.60938	0.14844	0.15625	40.116	
7	7.60938	7.65625	0.14844	0.15625	5.755	
7	7.56250	7.60938	0.14062	0.14844	36.894	
7	7.60938	7.65625	0.14062	0.14844	40.391	
7	7.65625	7.70312	0.14844	0.15625	28.552	
7	7.70312	7.75000	0.14844	0.15625	26.841	
7	7.65625	7.70312	0.14062	0.14844	24.613	
7	7.70312	7.75000	0.14062	0.14844	22.123	
7	7.56250	7.60938	0.13281	0.14062	32.018	
7	7.60938	7.65625	0.13281	0.14062	11.671	
7	7.56250	7.60938	0.12500	0.13281	15.316	
7	7.60938	7.65625	0.12500	0.13281	3.350	
7	7.65625	7.70312	0.13281	0.14062	14.949	
7	7.70312	7.75000	0.13281	0.14062	1.937	
7	7.65625	7.70312	0.12500	0.13281	5.760	
7	7.70312	7.75000	0.12500	0.13281	2.021	
7	7.75000	7.79688	0.24219	0.25000	50.000	
7	7.79688	7.84375	0.24219	0.25000	50.000	
7	7.75000	7.79688	0.23438	0.24219	96.101	
7	7.79688	7.84375	0.23438	0.24219	51.469	
7	7.84375	7.89062	0.24219	0.25000	50.000	
7	7.89062	7.93750	0.24219	0.25000	50.000	
7	7.84375	7.89062	0.23438	0.24219	99.859	
7	7.89062	7.93750	0.23438	0.24219	87.499	
7	7.75000	7.79688	0.22656	0.23438	68.709	
7	7.79688	7.84375	0.22656	0.23438	67.067	
7	7.75000	7.79688	0.21875	0.22656	81.389	
7	7.79688	7.84375	0.21875	0.22656	48.580	
7	7.84375	7.89062	0.22656	0.23438	42.868	
7	7.89062	7.93750	0.22656	0.23438	68.483	
7	7.84375	7.89062	0.21875	0.22656	85.158	
7	7.89062	7.93750	0.21875	0.22656	91.065	
7	7.93750	7.98438	0.24219	0.25000	50.000	
7	7.98438	8.03125	0.24219	0.25000	20.711	
7	7.93750	7.98438	0.23438	0.24219	10.207	
7	7.98438	8.03125	0.23438	0.24219	40.659	
7	8.03125	8.07812	0.24219	0.25000	54.746	
7	8.07812	8.12500	0.24219	0.25000	5.463	
7	8.03125	8.07812	0.23438	0.24219	15.445	
7	8.07812	8.12500	0.23438	0.24219	1.862	
7	7.93750	7.98438	0.22656	0.23438	53.813	
7	7.98438	8.03125	0.22656	0.23438	8.745	
7	7.93750	7.98438	0.21875	0.22656	35.993	
7	7.98438	8.03125	0.21875	0.22656	15.411	
7	8.03125	8.07812	0.22656	0.23438	5.339	
7	8.07812	8.12500	0.22656	0.23438	2.008	
7	8.03125	8.07812	0.21875	0.22656	14.138	
7	8.07812	8.12500	0.21875	0.22656	2.499	
7	7.75000	7.79688	0.21094	0.21875	50.000	
7	7.79688	7.84375	0.21094	0.21875	50.000	
7	7.75000	7.79688	0.20312	0.21094	50.000	
7	7.79688	7.84375	0.20312	0.21094	74.536	
7	7.84375	7.89062	0.21094	0.21875	72.361	
7	7.89062	7.93750	0.21094	0.21875	58.937	
7	7.84375	7.89062	0.20312	0.21094	16.711	
7	7.89062	7.93750	0.20312	0.21094	22.369	
7	7.75000	7.79688	0.19531	0.20312	45.225	
7	7.79688	7.84375	0.19531	0.20312	50.000	
7	7.75000	7.79688	0.18750	0.19531	48.478	
7	7.79688	7.84375	0.18750	0.19531	35.541	
7	7.84375	7.89062	0.19531	0.20312	22.992	
7	7.89062	7.93750	0.19531	0.20312	32.783	
7	7.84375	7.89062	0.18750	0.19531	40.054	
7	7.89062	7.93750	0.18750	0.19531	50.000	
7	7.93750	7.98438	0.21094	0.21875	5.630	
7	7.98438	8.03125	0.21094	0.21875	2.984	
7	7.93750	7.98438	0.20312	0.21094	35.572	
7	7.98438	8.03125	0.20312	0.21094	3.686	
7	8.03125	8.07812	0.21094	0.21875	2.229	
7	8.07812	8.12500	0.21094	0.21875	1.634	
7	8.03125	8.07812	0.20312	0.21094	1.739	
7	8.07812	8.12500	0.20312	0.21094	1.993	
7	7.93750	7.98438	0.19531	0.20312	42.960	
7	7.98438	8.03125	0.19531	0.20312	1.862	
7	7.93750	7.98438	0.18750	0.19531	32.971	
7	7.98438	8.03125	0.18750	0.19531	1.908	
6	8.03125	8.12500	0.18750	0.20312	1.976	
7	8.12500	8.17188	0.24219	0.25000	2.511	
7	8.17188	8.21875	0.24219	0.25000	4.242	
7	8.12500	8.17188	0.23438	0.24219	2.020	
7	8.17188	8.21875	0.23438	0.24219	3.026	
7	8.21875	8.26562	0.24219	0.25000	3.166	
7	8.26562	8.31250	0.24219	0.25000	1.988	
7	8.21875	8.26562	0.23438	0.24219	1.992	
7	8.26562	8.31250	0.23438	0.24219	1.944	
7	8.12500	8.17188	0.22656	0.23438	1.843	
7	8.17188	8.21875	0.22656	0.23438	1.386	
7	8.12500	8.17188	0.21875	0.22656	2.001	
7	8.17188	8.21875	0.21875	0.22656	4.431	
7	8.21875	8.26562	0.22656	0.23438	2.271	
7	8.26562	8.31250	0.22656	0.23438	2.528	
7	8.21875	8.26562	0.21875	0.22656	2.039	
7	8.26562	8.31250	0.21875	0.22656	2.019	
7	8.31250	8.35938	0.24219	0.25000	2.027	
7	8.35938	8.40625	0.24219	0.25000	1.817	
7	8.31250	8.35938	0.23438	0.24219	3.278	
7	8.35938	8.40625	0.23438	0.24219	2.027	
7	8.40625	8.45312	0.24219	0.25000	1.921	
7	8.45312	8.50000	0.24219	0.25000	2.463	
7	8.40625	8.45312	0.23438	0.24219	1.536	
7	8.45312	8.50000	0.23438	0.24219	2.005	
7	8.31250	8.35938	0.22656	0.23438	2.017	
7	8.35938	8.40625	0.22656	0.23438	2.072	
7	8.31250	8.35938	0.21875	0.22656	1.918	
7	8.35938	8.40625	0.21875	0.22656	1.781	
7	8.40625	8.45312	0.22656	0.23438	2.011	
7	8.45312	8.50000	0.22656	0.23438	2.708	
7	8.40625	8.45312	0.21875	0.22656	1.956	
7	8.45312	8.50000	0.21875	0.22656	2.234	
7	8.12500	8.17188	0.21094	0.21875	1.712	
7	8.17188	8.21875	0.21094	0.21875	1.554	
7	8.12500	8.17188	0.20312	0.21094	1.959	
7	8.17188	8.21875	0.20312	0.21094	5.279	
7	8.21875	8.26562	0.21094	0.21875	2.857	
7	8.26562	8.31250	0.21094	0.21875	2.125	
7	8.21875	8.26562	0.20312	0.21094	2.044	
7	8.26562	8.31250	0.20312	0.21094	2.286	
7	8.12500	8.17188	0.19531	0.20312	1.638	
7	8.17188	8.21875	0.19531	0.20312	1.854	
7	8.12500	8.17188	0.18750	0.19531	2.008	
7	8.17188	8.21875	0.18750	0.19531	2.038	
7	8.21875	8.26562	0.19531	0.20312	1.968	
7	8.26562	8.31250	0.19531	0.20312	1.950	
7	8.21875	8.26562	0.18750	0.19531	3.596	
7	8.26562	8.31250	0.18750	0.19531	2.496	
7	8.31250	8.35938	0.21094	0.21875	1.958	
7	8.35938	8.40625	0.21094	0.21875	1.968	
7	8.31250	8.35938	0.20312	0.21094	2.041	
7	8.35938	8.40625	0.20312	0.21094	1.775	
7	8.40625	8.45312	0.21094	0.21875	1.834	
7	8.45312	8.50000	0.21094	0.21875	2.416	
7	8.40625	8.45312	0.20312	0.21094	3.685	
7	8.45312	8.50000	0.20312	0.21094	3.513	
7	8.31250	8.35938	0.19531	0.20312	1.974	
7	8.35938	8.40625	0.19531	0.20312	1.686	
7	8.31250	8.35938	0.18750	0.19531	2.083	
7	8.35938	8.40625	0.18750	0.19531	1.980	
7	8.40625	8.45312	0.19531	0.20312	1.862	
7	8.45312	8.50000	0.19531	0.20312	3.330	
7	8.40625	8.45312	0.18750	0.19531	5.213	
7	8.45312	8.50000	0.18750	0.19531	2.042	
7	7.75000	7.79688	0.17969	0.18750	40.331	
7	7.79688	7.84375	0.17969	0.18750	39.394	
7	7.75000	7.79688	0.17188	0.17969	18.743	
7	7.79688	7.84375	0.17188	0.17969	12.276	
7	7.84375	7.89062	0.17969	0.18750	53.750	
7	7.89062	7.93750	0.17969	0.18750	20.610	
7	7.84375	7.89062	0.17188	0.17969	50.898	
7	7.89062	7.93750	0.17188	0.17969	2.035	
7	7.75000	7.79688	0.16406	0.17188	26.263	
7	7.79688	7.84375	0.16406	0.17188	5.900	
7	7.75000	7.79688	0.15625	0.16406	25.501	
7	7.79688	7.84375	0.15625	0.16406	25.162	
7	7.84375	7.89062	0.16406	0.17188	2.278	
7	7.89062	7.93750	0.16406	0.17188	6.817	
7	7.84375	7.89062	0.15625	0.16406	5.010	
7	7.89062	7.93750	0.15625	0.16406	2.289	
7	7.93750	7.98438	0.17969	0.18750	3.676	
7	7.98438	8.03125	0.17969	0.18750	2.817	
7	7.93750	7.98438	0.17188	0.17969	4.423	
7	7.98438	8.03125	0.17188	0.17969	1.846	
7	8.03125	8.07812	0.17969	0.18750	2.230	
7	8.07812	8.12500	0.17969	0.18750	1.976	
7	8.03125	8.07812	0.17188	0.17969	1.987	
7	8.07812	8.12500	0.17188	0.17969	1.877	
7	7.93750	7.98438	0.16406	0.17188	5.332	
7	7.98438	8.03125	0.16406	0.17188	7.970	
7	7.93750	7.98438	0.15625	0.16406	5.969	
7	7.98438	8.03125	0.15625	0.16406	5.089	
7	8.03125	8.07812	0.16406	0.17188	1.977	
7	8.07812	8.12500	0.16406	0.17188	1.869	
7	8.03125	8.07812	0.15625	0.16406	1.908	
7	8.07812	8.12500	0.15625	0.16406	2.045	
7	7.75000	7.79688	0.14844	0.15625	28.123	
7	7.79688	7.84375	0.14844	0.15625	2.073	
7	7.75000	7.79688	0.14062	0.14844	15.768	
7	7.79688	7.84375	0.14062	0.14844	10.877	
7	7.84375	7.89062	0.14844	0.15625	1.975	
7	7.89062	7.93750	0.14844	0.15625	1.817	
7	7.84375	7.89062	0.14062	0.14844	1.998	
7	7.89062	7.93750	0.14062	0.14844	1.809	
7	7.75000	7.79688	0.13281	0.14062	11.622	
7	7.79688	7.84375	0.13281	0.14062	9.729	
7	7.75000	7.79688	0.12500	0.13281	4.399	
7	7.79688	7.84375	0.12500	0.13281	3.062	
7	7.84375	7.89062	0.13281	0.14062	1.738	
7	7.89062	7.93750	0.13281	0.14062	1.999	
7	7.84375	7.89062	0.12500	0.13281	1.860	
7	7.89062	7.93750	0.12500	0.13281	2.012	
7	7.93750	7.98438	0.14844	0.15625	2.072	
7	7.98438	8.03125	0.14844	0.15625	2.607	
7	7.93750	7.98438	0.14062	0.14844	3.839	
7	7.98438	8.03125	0.14062	0.14844	2.140	
7	8.03125	8.07812	0.14844	0.15625	1.981	
7	8.07812	8.12500	0.14844	0.15625	1.962	
7	8.03125	8.07812	0.14062	0.14844	2.065	
7	8.07812	8.12500	0.14062	0.14844	1.868	
7	7.93750	7.98438	0.13281	0.14062	2.009	
7	7.98438	8.03125	0.13281	0.14062	6.651	
7	7.93750	7.98438	0.12500	0.13281	1.989	
7	7.98438	8.03125	0.12500	0.13281	2.109	
7	8.03125	8.07812	0.13281	0.14062	2.012	
7	8.07812	8.12500	0.13281	0.14062	1.986	
7	8.03125	8.07812	0.12500	0.13281	2.103	
7	8.07812	8.12500	0.12500	0.13281	1.804	
6	8.12500	8.21875	0.17188	0.18750	1.999	
7	8.21875	8.26562	0.17969	0.18750	2.036	
7	8.26562	8.31250	0.17969	0.18750	2.071	
7	8.21875	8.26562	0.17188	0.17969	2.084	
7	8.26562	8.31250	0.17188	0.17969	2.207	
7	8.12500	8.17188	0.16406	0.17188	1.969	
7	8.17188	8.21875	0.16406	0.17188	1.604	
7	8.12500	8.17188	0.15625	0.16406	1.970	
7	8.17188	8.21875	0.15625	0.16406	1.974	
7	8.21875	8.26562	0.16406	0.17188	2.166	
7	8.26562	8.31250	0.16406	0.17188	2.009	
7	8.21875	8.26562	0.15625	0.16406	3.463	
7	8.26562	8.31250	0.15625	0.16406	1.879	
6	8.31250	8.40625	0.17188	0.18750	1.996	
7	8.40625	8.45312	0.17969	0.18750	2.435	
7	8.45312	8.50000	0.17969	0.18750	2.056	
7	8.40625	8.45312	0.17188	0.17969	2.074	
7	8.45312	8.50000	0.17188	0.17969	1.899	
7	8.31250	8.35938	0.16406	0.17188	1.989	
7	8.35938	8.40625	0.16406	0.17188	1.945	
7	8.31250	8.35938	0.15625	0.16406	2.049	
7	8.35938	8.40625	0.15625	0.16406	4.353	
7	8.40625	8.45312	0.16406	0.17188	1.974	
7	8.45312	8.50000	0.16406	0.17188	2.028	
7	8.40625	8.45312	0.15625	0.16406	3.142	
7	8.45312	8.50000	0.15625	0.16406	2.009	
6	8.12500	8.21875	0.14062	0.15625	1.660	
7	8.21875	8.26562	0.14844	0.15625	1.942	
7	8.26562	8.31250	0.14844	0.15625	1.731	
7	8.21875	8.26562	0.14062	0.14844	1.421	
7	8.26562	8.31250	0.14062	0.14844	2.007	
7	8.12500	8.17188	0.13281	0.14062	1.991	
7	8.17188	8.21875	0.13281	0.14062	1.984	
7	8.12500	8.17188	0.12500	0.13281	1.997	
7	8.17188	8.21875	0.12500	0.13281	1.759	
7	8.21875	8.26562	0.13281	0.14062	1.423	
7	8.26562	8.31250	0.13281	0.14062	2.002	
7	8.21875	8.26562	0.12500	0.13281	1.630	
7	8.26562	8.31250	0.12500	0.13281	2.039	
7	8.31250	8.35938	0.14844	0.15625	2.316	
7	8.35938	8.40625	0.14844	0.15625	3.053	
7	8.31250	8.35938	0.14062	0.14844	1.983	
7	8.35938	8.40625	0.14062	0.14844	2.338	
7	8.40625	8.45312	0.14844	0.15625	2.011	
7	8.45312	8.50000	0.14844	0.15625	2.005	
7	8.40625	8.45312	0.14062	0.14844	2.011	
7	8.45312	8.50000	0.14062	0.14844	2.016	
6	8.31250	8.40625	0.12500	0.14062	2.373	
6	8.40625	8.50000	0.12500	0.14062	2.018	
7	7.00000	7.04688	0.11719	0.12500	1.847	
7	7.04688	7.09375	0.11719	0.12500	5.475	
7	7.00000	7.04688	0.10938	0.11719	1.999	
7	7.04688	7.09375	0.10938	0.11719	57.617	
7	7.09375	7.14062	0.11719	0.12500	50.000	
7	7.14062	7.18750	0.11719	0.12500	9.800	
7	7.09375	7.14062	0.10938	0.11719	13.776	
7	7.14062	7.18750	0.10938	0.11719	41.373	
7	7.00000	7.04688	0.10156	0.10938	2.115	
7	7.04688	7.09375	0.10156	0.10938	2.629	
7	7.00000	7.04688	0.09375	0.10156	2.151	
7	7.04688	7.09375	0.09375	0.10156	1.504	
7	7.09375	7.14062	0.10156	0.10938	50.000	
7	7.14062	7.18750	0.10156	0.10938	16.630	
7	7.09375	7.14062	0.09375	0.10156	75.649	
7	7.14062	7.18750	0.09375	0.10156	1.985	
7	7.18750	7.23438	0.11719	0.12500	75.608	
7	7.23438	7.28125	0.11719	0.12500	19.693	
7	7.18750	7.23438	0.10938	0.11719	1.938	
7	7.23438	7.28125	0.10938	0.11719	71.473	
7	7.28125	7.32812	0.11719	0.12500	66.169	
7	7.32812	7.37500	0.11719	0.12500	50.931	
7	7.28125	7.32812	0.10938	0.11719	64.712	
7	7.32812	7.37500	0.10938	0.11719	35.661	
7	7.18750	7.23438	0.10156	0.10938	2.015	
7	7.23438	7.28125	0.10156	0.10938	54.111	
7	7.18750	7.23438	0.09375	0.10156	11.697	
7	7.23438	7.28125	0.09375	0.10156	40.637	
7	7.28125	7.32812	0.10156	0.10938	31.290	
7	7.32812	7.37500	0.10156	0.10938	57.200	
7	7.28125	7.32812	0.09375	0.10156	26.809	
7	7.32812	7.37500	0.09375	0.10156	21.839	
7	7.00000	7.04688	0.08594	0.09375	2.016	
7	7.04688	7.09375	0.08594	0.09375	2.054	
7	7.00000	7.04688	0.07812	0.08594	2.035	
7	7.04688	7.09375	0.07812	0.08594	1.985	
7	7.09375	7.14062	0.08594	0.09375	2.065	
7	7.14062	7.18750	0.08594	0.09375	1.955	
7	7.09375	7.14062	0.07812	0.08594	2.004	
7	7.14062	7.18750	0.07812	0.08594	2.019	
6	7.00000	7.09375	0.06250	0.07812	2.076	
6	7.09375	7.18750	0.06250	0.07812	1.736	
7	7.18750	7.23438	0.08594	0.09375	1.755	
7	7.23438	7.28125	0.08594	0.09375	2.670	
7	7.18750	7.23438	0.07812	0.08594	1.983	
7	7.23438	7.28125	0.07812	0.08594	1.867	
7	7.28125	7.32812	0.08594	0.09375	30.077	
7	7.32812	7.37500	0.08594	0.09375	20.817	
7	7.28125	7.32812	0.07812	0.08594	12.181	
7	7.32812	7.37500	0.07812	0.08594	9.390	
7	7.18750	7.23438	0.07031	0.07812	2.004	
7	7.23438	7.28125	0.07031	0.07812	2.325	
7	7.18750	7.23438	0.06250	0.07031	1.820	
7	7.23438	7.28125	0.06250	0.07031	2.009	
7	7.28125	7.32812	0.07031	0.07812	3.635	
7	7.32812	7.37500	0.07031	0.07812	2.240	
7	7.28125	7.32812	0.06250	0.07031	7.363	
7	7.32812	7.37500	0.06250	0.07031	2.051	
7	7.37500	7.42188	0.11719	0.12500	2.256	
7	7.42188	7.46875	0.11719	0.12500	34.522	
7	7.37500	7.42188	0.10938	0.11719	28.027	
7	7.42188	7.46875	0.10938	0.11719	20.726	
7	7.46875	7.51562	0.11719	0.12500	18.527	
7	7.51562	7.56250	0.11719	0.12500	23.957	
7	7.46875	7.51562	0.10938	0.11719	39.214	
7	7.51562	7.56250	0.10938	0.11719	20.174	
7	7.37500	7.42188	0.10156	0.10938	47.573	
7	7.42188	7.46875	0.10156	0.10938	35.989	
7	7.37500	7.42188	0.09375	0.10156	17.320	
7	7.42188	7.46875	0.09375	0.10156	4.143	
7	7.46875	7.51562	0.10156	0.10938	28.301	
7	7.51562	7.56250	0.10156	0.10938	1.994	
7	7.46875	7.51562	0.09375	0.10156	22.626	
7	7.51562	7.56250	0.09375	0.10156	2.013	
7	7.56250	7.60938	0.11719	0.12500	2.442	
7	7.60938	7.65625	0.11719	0.12500	24.441	
7	7.56250	7.60938	0.10938	0.11719	10.430	
7	7.60938	7.65625	0.10938	0.11719	10.700	
7	7.65625	7.70312	0.11719	0.12500	19.925	
7	7.70312	7.75000	0.11719	0.12500	1.930	
7	7.65625	7.70312	0.10938	0.11719	3.160	
7	7.70312	7.75000	0.10938	0.11719	1.994	
7	7.56250	7.60938	0.10156	0.10938	2.001	
7	7.60938	7.65625	0.10156	0.10938	1.981	
7	7.56250	7.60938	0.09375	0.10156	2.010	
7	7.60938	7.65625	0.09375	0.10156	2.012	
7	7.65625	7.70312	0.10156	0.10938	1.983	
7	7.70312	7.75000	0.10156	0.10938	2.003	
7	7.65625	7.70312	0.09375	0.10156	1.996	
7	7.70312	7.75000	0.09375	0.10156	2.016	
7	7.37500	7.42188	0.08594	0.09375	1.841	
7	7.42188	7.46875	0.08594	0.09375	2.032	
7	7.37500	7.42188	0.07812	0.08594	2.039	
7	7.42188	7.46875	0.07812	0.08594	2.071	
7	7.46875	7.51562	0.08594	0.09375	5.218	
7	7.51562	7.56250	0.08594	0.09375	15.271	
7	7.46875	7.51562	0.07812	0.08594	1.874	
7	7.51562	7.56250	0.07812	0.08594	1.988	
6	7.37500	7.46875	0.06250	0.07812	1.827	
6	7.46875	7.56250	0.06250	0.07812	2.025	
7	7.56250	7.60938	0.08594	0.09375	2.017	
7	7.60938	7.65625	0.08594	0.09375	2.001	
7	7.56250	7.60938	0.07812	0.08594	1.829	
7	7.60938	7.65625	0.07812	0.08594	1.807	
6	7.65625	7.75000	0.07812	0.09375	2.013	
6	7.56250	7.65625	0.06250	0.07812	2.118	
6	7.65625	7.75000	0.06250	0.07812	2.006	
5	7.00000	7.18750	0.03125	0.06250	1.999	
5	7.18750	7.37500	0.03125	0.06250	1.999	
5	7.00000	7.18750	0.00000	0.03125	2.003	
5	7.18750	7.37500	0.00000	0.03125	1.995	
4	7.37500	7.75000	0.00000	0.06250	1.996	
7	7.75000	7.79688	0.11719	0.12500	4.389	
7	7.79688	7.84375	0.11719	0.12500	2.093	
7	7.75000	7.79688	0.10938	0.11719	1.410	
7	7.79688	7.84375	0.10938	0.11719	1.917	
7	7.84375	7.89062	0.11719	0.12500	2.004	
7	7.89062	7.93750	0.11719	0.12500	2.039	
7	7.84375	7.89062	0.10938	0.11719	2.001	
7	7.89062	7.93750	0.10938	0.11719	2.014	
7	7.75000	7.79688	0.10156	0.10938	2.027	
7	7.79688	7.84375	0.10156	0.10938	2.009	
7	7.75000	7.79688	0.09375	0.10156	1.889	
7	7.79688	7.84375	0.09375	0.10156	1.999	
6	7.84375	7.93750	0.09375	0.10938	2.035	
6	7.93750	8.03125	0.10938	0.12500	2.009	
6	8.03125	8.12500	0.10938	0.12500	2.271	
6	7.93750	8.03125	0.09375	0.10938	2.010	
6	8.03125	8.12500	0.09375	0.10938	2.120	
5	7.75000	7.93750	0.06250	0.09375	2.014	
5	7.93750	8.12500	0.06250	0.09375	2.018	
5	8.12500	8.31250	0.09375	0.12500	2.012	
5	8.31250	8.50000	0.09375	0.12500	2.121	
5	8.12500	8.31250	0.06250	0.09375	1.980	
5	8.31250	8.50000	0.06250	0.09375	1.993	
4	7.75000	8.12500	0.00000	0.06250	1.995	
4	8.12500	8.50000	0.00000	0.06250	1.985	
7	8.50000	8.54688	0.24219	0.25000	2.078	
7	8.54688	8.59375	0.24219	0.25000	5.528	
7	8.50000	8.54688	0.23438	0.24219	2.110	
7	8.54688	8.59375	0.23438	0.24219	4.140	
7	8.59375	8.64062	0.24219	0.25000	7.380	
7	8.64062	8.68750	0.24219	0.25000	2.087	
7	8.59375	8.64062	0.23438	0.24219	1.958	
7	8.64062	8.68750	0.23438	0.24219	2.110	
7	8.50000	8.54688	0.22656	0.23438	2.657	
7	8.54688	8.59375	0.22656	0.23438	2.041	
7	8.50000	8.54688	0.21875	0.22656	1.912	
7	8.54688	8.59375	0.21875	0.22656	2.054	
6	8.59375	8.68750	0.21875	0.23438	2.024	
7	8.68750	8.73438	0.24219	0.25000	2.188	
7	8.73438	8.78125	0.24219	0.25000	1.924	
7	8.68750	8.73438	0.23438	0.24219	2.148	
7	8.73438	8.78125	0.23438	0.24219	8.891	
7	8.78125	8.82812	0.24219	0.25000	20.813	
7	8.82812	8.87500	0.24219	0.25000	31.701	
7	8.78125	8.82812	0.23438	0.24219	14.636	
7	8.82812	8.87500	0.23438	0.24219	26.790	
7	8.68750	8.73438	0.22656	0.23438	1.900	
7	8.73438	8.78125	0.22656	0.23438	1.993	
7	8.68750	8.73438	0.21875	0.22656	1.959	
7	8.73438	8.78125	0.21875	0.22656	1.989	
7	8.78125	8.82812	0.22656	0.23438	26.839	
7	8.82812	8.87500	0.22656	0.23438	36.663	
7	8.78125	8.82812	0.21875	0.22656	29.598	
7	8.82812	8.87500	0.21875	0.22656	7.352	
7	8.50000	8.54688	0.21094	0.21875	1.905	
7	8.54688	8.59375	0.21094	0.21875	2.534	
7	8.50000	8.54688	0.20312	0.21094	2.007	
7	8.54688	8.59375	0.20312	0.21094	1.960	
7	8.59375	8.64062	0.21094	0.21875	2.048	
7	8.64062	8.68750	0.21094	0.21875	2.001	
7	8.59375	8.64062	0.20312	0.21094	1.885	
7	8.64062	8.68750	0.20312	0.21094	1.972	
6	8.50000	8.59375	0.18750	0.20312	2.039	
6	8.59375	8.68750	0.18750	0.20312	2.058	
7	8.68750	8.73438	0.21094	0.21875	1.989	
7	8.73438	8.78125	0.21094	0.21875	2.026	
7	8.68750	8.73438	0.20312	0.21094	2.005	
7	8.73438	8.78125	0.20312	0.21094	1.964	
7	8.78125	8.82812	0.21094	0.21875	6.123	
7	8.82812	8.87500	0.21094	0.21875	9.181	
7	8.78125	8.82812	0.20312	0.21094	14.914	
7	8.82812	8.87500	0.20312	0.21094	6.571	
7	8.68750	8.73438	0.19531	0.20312	2.016	
7	8.73438	8.78125	0.19531	0.20312	2.451	
7	8.68750	8.73438	0.18750	0.19531	2.007	
7	8.73438	8.78125	0.18750	0.19531	2.002	
7	8.78125	8.82812	0.19531	0.20312	1.974	
7	8.82812	8.87500	0.19531	0.20312	3.179	
7	8.78125	8.82812	0.18750	0.19531	5.390	
7	8.82812	8.87500	0.18750	0.19531	1.851	
7	8.87500	8.92188	0.24219	0.25000	16.549	
7	8.92188	8.96875	0.24219	0.25000	14.380	
7	8.87500	8.92188	0.23438	0.24219	2.135	
7	8.92188	8.96875	0.23438	0.24219	4.132	
7	8.96875	9.01562	0.24219	0.25000	19.361	
7	9.01562	9.06250	0.24219	0.25000	27.371	
7	8.96875	9.01562	0.23438	0.24219	31.111	
7	9.01562	9.06250	0.23438	0.24219	32.947	
7	8.87500	8.92188	0.22656	0.23438	7.032	
7	8.92188	8.96875	0.22656	0.23438	25.009	
7	8.87500	8.92188	0.21875	0.22656	2.215	
7	8.92188	8.96875	0.21875	0.22656	2.006	
7	8.96875	9.01562	0.22656	0.23438	21.262	
7	9.01562	9.06250	0.22656	0.23438	2.014	
7	8.96875	9.01562	0.21875	0.22656	20.051	
7	9.01562	9.06250	0.21875	0.22656	9.594	
7	9.06250	9.10938	0.24219	0.25000	24.610	
7	9.10938	9.15625	0.24219	0.25000	17.510	
7	9.06250	9.10938	0.23438	0.24219	29.551	
7	9.10938	9.15625	0.23438	0.24219	6.855	
7	9.15625	9.20312	0.24219	0.25000	1.965	
7	9.20312	9.25000	0.24219	0.25000	2.014	
7	9.15625	9.20312	0.23438	0.24219	1.979	
7	9.20312	9.25000	0.23438	0.24219	1.956	
7	9.06250	9.10938	0.22656	0.23438	14.848	
7	9.10938	9.15625	0.22656	0.23438	2.020	
7	9.06250	9.10938	0.21875	0.22656	4.673	
7	9.10938	9.15625	0.21875	0.22656	1.941	
7	9.15625	9.20312	0.22656	0.23438	1.999	
7	9.20312	9.25000	0.22656	0.23438	1.925	
7	9.15625	9.20312	0.21875	0.22656	1.964	
7	9.20312	9.25000	0.21875	0.22656	8.644	
7	8.87500	8.92188	0.21094	0.21875	1.937	
7	8.92188	8.96875	0.21094	0.21875	1.965	
7	8.87500	8.92188	0.20312	0.21094	9.109	
7	8.92188	8.96875	0.20312	0.21094	1.925	
7	8.96875	9.01562	0.21094	0.21875	4.222	
7	9.01562	9.06250	0.21094	0.21875	1.937	
7	8.96875	9.01562	0.20312	0.21094	1.928	
7	9.01562	9.06250	0.20312	0.21094	2.436	
7	8.87500	8.92188	0.19531	0.20312	10.492	
7	8.92188	8.96875	0.19531	0.20312	1.968	
7	8.87500	8.92188	0.18750	0.19531	3.447	
7	8.92188	8.96875	0.18750	0.19531	2.014	
7	8.96875	9.01562	0.19531	0.20312	2.025	
7	9.01562	9.06250	0.19531	0.20312	2.222	
7	8.96875	9.01562	0.18750	0.19531	1.989	
7	9.01562	9.06250	0.18750	0.19531	1.993	
7	9.06250	9.10938	0.21094	0.21875	15.823	
7	9.10938	9.15625	0.21094	0.21875	1.976	
7	9.06250	9.10938	0.20312	0.21094	2.777	
7	9.10938	9.15625	0.20312	0.21094	1.993	
7	9.15625	9.20312	0.21094	0.21875	2.003	
7	9.20312	9.25000	0.21094	0.21875	3.695	
7	9.15625	9.20312	0.20312	0.21094	1.966	
7	9.20312	9.25000	0.20312	0.21094	2.460	
7	9.06250	9.10938	0.19531	0.20312	2.004	
7	9.10938	9.15625	0.19531	0.20312	2.091	
7	9.06250	9.10938	0.18750	0.19531	1.526	
7	9.10938	9.15625	0.18750	0.19531	1.962	
6	9.15625	9.25000	0.18750	0.20312	2.004	
5	8.50000	8.68750	0.15625	0.18750	2.009	
5	8.68750	8.87500	0.15625	0.18750	1.872	
5	8.50000	8.68750	0.12500	0.15625	2.013	
5	8.68750	8.87500	0.12500	0.15625	1.984	
5	8.87500	9.06250	0.15625	0.18750	1.999	
5	9.06250	9.25000	0.15625	0.18750	1.967	
5	8.87500	9.06250	0.12500	0.15625	2.024	
5	9.06250	9.25000	0.12500	0.15625	1.978	
7	9.25000	9.29688	0.24219	0.25000	5.346	
7	9.29688	9.34375	0.24219	0.25000	3.478	
7	9.25000	9.29688	0.23438	0.24219	7.336	
7	9.29688	9.34375	0.23438	0.24219	6.881	
7	9.34375	9.39062	0.24219	0.25000	2.856	
7	9.39062	9.43750	0.24219	0.25000	2.184	
7	9.34375	9.39062	0.23438	0.24219	3.101	
7	9.39062	9.43750	0.23438	0.24219	1.883	
7	9.25000	9.29688	0.22656	0.23438	2.599	
7	9.29688	9.34375	0.22656	0.23438	3.286	
7	9.25000	9.29688	0.21875	0.22656	1.759	
7	9.29688	9.34375	0.21875	0.22656	2.036	
7	9.34375	9.39062	0.22656	0.23438	1.919	
7	9.39062	9.43750	0.22656	0.23438	1.877	
7	9.34375	9.39062	0.21875	0.22656	2.083	
7	9.39062	9.43750	0.21875	0.22656	1.982	
7	9.43750	9.48438	0.24219	0.25000	5.657	
7	9.48438	9.53125	0.24219	0.25000	10.654	
7	9.43750	9.48438	0.23438	0.24219	1.526	
7	9.48438	9.53125	0.23438	0.24219	1.673	
7	9.53125	9.57812	0.24219	0.25000	2.010	
7	9.57812	9.62500	0.24219	0.25000	1.823	
7	9.53125	9.57812	0.23438	0.24219	2.009	
7	9.57812	9.62500	0.23438	0.24219	2.011	
7	9.43750	9.48438	0.22656	0.23438	1.999	
7	9.48438	9.53125	0.22656	0.23438	10.194	
7	9.43750	9.48438	0.21875	0.22656	1.954	
7	9.48438	9.53125	0.21875	0.22656	2.109	
7	9.53125	9.57812	0.22656	0.23438	2.000	
7	9.57812	9.62500	0.22656	0.23438	1.835	
7	9.53125	9.57812	0.21875	0.22656	2.004	
7	9.57812	9.62500	0.21875	0.22656	2.024	
7	9.25000	9.29688	0.21094	0.21875	1.948	
7	9.29688	9.34375	0.21094	0.21875	1.974	
7	9.25000	9.29688	0.20312	0.21094	1.990	
7	9.29688	9.34375	0.20312	0.21094	2.015	
6	9.34375	9.43750	0.20312	0.21875	1.991	
6	9.25000	9.34375	0.18750	0.20312	1.975	
6	9.34375	9.43750	0.18750	0.20312	1.979	
5	9.43750	9.62500	0.18750	0.21875	2.122	
7	9.62500	9.67188	0.24219	0.25000	1.360	
7	9.67188	9.71875	0.24219	0.25000	1.986	
7	9.62500	9.67188	0.23438	0.24219	3.408	
7	9.67188	9.71875	0.23438	0.24219	1.690	
7	9.71875	9.76562	0.24219	0.25000	1.908	
7	9.76562	9.81250	0.24219	0.25000	2.017	
7	9.71875	9.76562	0.23438	0.24219	1.999	
7	9.76562	9.81250	0.23438	0.24219	2.049	
7	9.62500	9.67188	0.22656	0.23438	3.617	
7	9.67188	9.71875	0.22656	0.23438	2.013	
7	9.62500	9.67188	0.21875	0.22656	1.987	
7	9.67188	9.71875	0.21875	0.22656	1.995	
6	9.71875	9.81250	0.21875	0.23438	1.999	
6	9.81250	9.90625	0.23438	0.25000	1.984	
6	9.90625	10.00000	0.23438	0.25000	1.970	
6	9.81250	9.90625	0.21875	0.23438	2.003	
6	9.90625	10.00000	0.21875	0.23438	1.990	
5	9.62500	9.81250	0.18750	0.21875	2.009	
5	9.81250	10.00000	0.18750	0.21875	1.947	
4	9.25000	9.62500	0.12500	0.18750	2.005	
4	9.62500	10.00000	0.12500	0.18750	2.020	
3	8.50000	9.25000	0.00000	0.12500	2.022	
3	9.25000	10.00000	0.00000	0.12500	2.003	
