# x 	 y 	 value
# Depth = 3, x = 0.00000 - 2.50000, y = 7.50000 - 10.00000
1.80472	8.18115	0	
1.77200	9.42132	0	
1.72432	9.68539	0	
1.55335	9.40594	0	
1.55932	8.67969	0	
2.20414	7.63293	1	
2.49595	7.87662	1	
0.89884	7.67817	1	
0.22607	9.94205	1	
1.44353	7.57624	1	
0.01397	8.76188	1	
2.17263	8.11604	1	
2.26032	9.01410	1	
1.57927	8.34837	1	
1.19127	9.12237	0	
1.97610	7.91112	0	
2.36516	9.70604	0	
1.40801	8.65316	0	
2.30097	8.84225	1	
2.27104	8.99890	1	
# Depth = 4, x = 2.50000 - 3.75000, y = 8.75000 - 10.00000
3.73282	9.47663	0	
3.63216	8.80317	0	
3.54298	9.80312	1	
3.08750	9.79557	0	
2.56640	9.82741	0	
2.73957	9.65269	1	
2.93138	9.92145	0	
3.64216	8.77455	1	
3.73596	9.48844	1	
3.57425	8.91384	1	
2.78391	8.76757	0	
3.18261	9.90159	0	
2.74665	9.82740	0	
3.12501	9.64354	0	
2.64392	9.94484	1	
3.71524	9.70869	0	
3.44449	9.65405	0	
3.47023	9.68614	1	
2.85573	9.47334	0	
3.61549	8.97772	1	
# Depth = 4, x = 3.75000 - 5.00000, y = 8.75000 - 10.00000
3.77299	9.43834	1	
3.96584	8.82675	0	
4.21888	9.81681	1	
4.06833	8.91950	1	
3.93683	9.55918	1	
4.78701	9.27819	0	
4.79659	8.79375	0	
4.50770	9.00178	1	
3.78822	8.79898	1	
4.47558	9.98278	0	
4.50417	9.04719	0	
4.45232	9.74207	0	
4.09799	9.33025	0	
4.31197	8.82468	1	
3.92224	9.20620	0	
4.52357	8.79311	1	
3.82507	9.69671	0	
3.86414	9.43564	1	
4.79608	9.60351	0	
4.48409	9.19040	1	
# Depth = 4, x = 2.50000 - 3.75000, y = 7.50000 - 8.75000
3.23789	7.73622	1	
2.58374	8.08726	1	
3.66781	7.85012	0	
3.14374	8.70424	1	
3.19278	8.70866	1	
3.73693	7.73768	0	
3.01704	8.49065	1	
3.48931	7.70537	0	
3.22816	7.77826	0	
2.79106	8.26477	0	
3.00765	7.82821	1	
3.45541	8.61713	1	
2.82938	8.23750	0	
3.08787	7.89892	1	
3.32316	8.18349	1	
2.60141	7.50113	0	
2.71000	8.37254	1	
2.64454	7.56628	1	
3.06178	7.65015	0	
2.85565	8.69469	0	
# Depth = 5, x = 3.75000 - 4.37500, y = 8.12500 - 8.75000
4.36325	8.56968	1	
3.91754	8.15926	1	
3.93839	8.37109	1	
4.03459	8.62037	0	
3.99612	8.71639	1	
4.32478	8.31412	1	
4.14588	8.42616	1	
4.03874	8.66384	0	
3.93272	8.33580	0	
4.23058	8.32380	1	
3.98123	8.40003	1	
4.06841	8.60919	1	
4.11599	8.56170	1	
4.31031	8.15784	1	
4.23270	8.18030	0	
4.23001	8.39584	1	
4.23726	8.51635	0	
3.86098	8.69285	0	
4.25280	8.63656	0	
4.24766	8.71242	0	
# Depth = 5, x = 4.37500 - 5.00000, y = 8.12500 - 8.75000
4.72249	8.20759	1	
4.46096	8.21053	1	
4.69440	8.18420	0	
4.73451	8.41361	1	
4.64175	8.19165	0	
4.83663	8.39053	1	
4.96470	8.70950	0	
4.56686	8.21625	0	
4.41501	8.72046	0	
4.93100	8.16433	0	
4.89018	8.72810	0	
4.77829	8.46146	0	
4.87111	8.34988	1	
4.69860	8.48379	0	
4.45580	8.49060	0	
4.99837	8.38838	1	
4.64208	8.67656	0	
4.48152	8.49323	1	
4.53769	8.41177	0	
4.86267	8.66105	1	
# Depth = 6, x = 3.75000 - 4.06250, y = 7.81250 - 8.12500
3.78389	8.10509	0	
3.82739	7.84601	0	
3.86461	7.82740	1	
3.79244	7.96960	1	
3.81000	7.91292	0	
3.96496	7.82913	0	
4.01466	7.84389	1	
3.83279	7.93449	1	
3.78617	7.88492	1	
3.85087	8.09952	0	
3.96625	7.85880	1	
3.97981	8.12183	0	
3.80098	7.97570	0	
4.05315	8.11698	1	
3.86388	8.06962	1	
3.79422	7.82039	1	
3.92526	7.85500	0	
3.97021	7.92904	0	
3.77439	7.86420	0	
4.00710	7.84581	1	
# Depth = 6, x = 4.06250 - 4.37500, y = 7.81250 - 8.12500
4.37418	8.03962	1	
4.13671	7.93176	0	
4.35051	7.90688	1	
4.26973	8.03981	0	
4.26019	8.01857	1	
4.10283	7.96257	0	
4.09207	8.08969	0	
4.35110	7.93769	1	
4.36958	8.09036	1	
4.22351	8.05326	1	
4.13389	8.08279	1	
4.22401	7.93419	0	
4.19610	7.87178	0	
4.25637	7.97528	0	
4.21774	7.97854	1	
4.28565	8.02777	1	
4.19417	7.99355	1	
4.28242	7.92362	0	
4.19821	8.04544	1	
4.34086	8.06169	1	
# Depth = 6, x = 3.75000 - 4.06250, y = 7.50000 - 7.81250
4.01797	7.53970	0	
4.00894	7.55858	1	
3.75976	7.70026	1	
3.80563	7.78764	1	
3.92830	7.69169	1	
3.95783	7.50666	0	
3.77772	7.80735	0	
4.05686	7.53834	0	
3.88765	7.77392	0	
3.95269	7.80904	0	
4.06119	7.67637	1	
3.88004	7.61936	1	
3.75593	7.68329	0	
3.91521	7.77942	0	
3.80046	7.50562	0	
3.78913	7.77332	1	
4.02678	7.76848	0	
4.02373	7.75692	0	
3.97285	7.57615	1	
3.84026	7.68806	1	
# Depth = 6, x = 4.06250 - 4.37500, y = 7.50000 - 7.81250
4.12350	7.72173	1	
4.36237	7.64910	1	
4.33107	7.66186	1	
4.15808	7.62973	1	
4.14156	7.67909	0	
4.19863	7.50643	1	
4.36216	7.70263	1	
4.34895	7.64307	0	
4.29435	7.78294	0	
4.18725	7.77407	1	
4.08165	7.67982	0	
4.20186	7.54272	1	
4.10931	7.57813	0	
4.36930	7.60867	1	
4.09626	7.57955	0	
4.37476	7.60689	1	
4.32527	7.80468	0	
4.24437	7.69602	1	
4.31677	7.80923	0	
4.11247	7.52256	0	
# Depth = 6, x = 4.37500 - 4.68750, y = 7.81250 - 8.12500
4.48509	7.87438	0	
4.60153	7.98522	0	
4.61508	7.96131	1	
4.45928	8.00500	0	
4.64124	8.02842	1	
4.53334	7.94506	0	
4.64180	8.03080	1	
4.46837	7.97811	0	
4.43321	8.10537	1	
4.66483	7.86678	0	
4.48973	7.93499	0	
4.65499	8.02004	0	
4.49546	7.93194	0	
4.46319	8.01073	0	
4.68086	7.84463	1	
4.45950	8.03462	1	
4.51317	8.03414	0	
4.67924	8.02942	1	
4.63438	8.02789	1	
4.38196	8.10058	0	
# Depth = 6, x = 4.68750 - 5.00000, y = 7.81250 - 8.12500
4.79615	7.94215	1	
4.72755	8.04627	1	
4.78342	7.94698	0	
4.82082	8.12420	0	
4.89065	7.86083	1	
4.93628	8.03514	1	
4.71582	7.97233	1	
4.70471	7.99744	0	
4.71390	7.97777	0	
4.94390	7.99409	1	
4.72075	8.09997	0	
4.77152	7.99267	0	
4.96562	8.04713	0	
4.76577	8.05132	1	
4.95854	7.89700	1	
4.79444	7.88386	1	
4.96578	8.06076	1	
4.79847	7.99346	0	
4.94104	8.10894	0	
4.76186	8.04890	1	
# Depth = 6, x = 4.37500 - 4.68750, y = 7.50000 - 7.81250
4.48855	7.60613	0	
4.44743	7.75899	0	
4.51606	7.80823	0	
4.38148	7.73032	0	
4.58253	7.59162	0	
4.45376	7.69707	0	
4.65773	7.76025	1	
4.68309	7.68027	0	
4.54723	7.75325	1	
4.68107	7.78119	1	
4.55159	7.69712	1	
4.53397	7.63965	1	
4.44542	7.71392	0	
4.39429	7.64928	0	
4.43975	7.59405	1	
4.64259	7.69472	1	
4.50643	7.57583	1	
4.44278	7.59132	0	
4.37871	7.67541	1	
4.58232	7.65060	1	
# Depth = 6, x = 4.68750 - 5.00000, y = 7.50000 - 7.81250
4.85757	7.68729	0	
4.86759	7.70726	1	
4.93165	7.74937	1	
4.84563	7.58598	0	
4.90731	7.59106	0	
4.74890	7.75820	1	
4.91835	7.74090	1	
4.78550	7.62806	1	
4.84526	7.63263	1	
4.69074	7.59082	0	
4.79381	7.80087	1	
4.97517	7.72084	0	
4.84333	7.68902	1	
4.73413	7.78538	0	
4.87603	7.50051	0	
4.90760	7.52851	1	
4.84271	7.78478	1	
4.96079	7.57912	1	
4.99825	7.56996	0	
4.96694	7.68239	1	
# Depth = 3, x = 0.00000 - 2.50000, y = 5.00000 - 7.50000
2.21145	7.42295	1	
1.60750	7.24781	1	
1.45607	7.02861	1	
2.47100	5.29179	0	
0.35644	7.46097	1	
2.12114	5.60849	1	
1.33398	6.88303	1	
2.28643	6.06374	1	
0.53926	6.71392	1	
2.27581	5.00104	0	
1.19361	6.77835	1	
0.19186	5.04825	0	
1.54229	7.19239	0	
0.66167	7.16090	0	
1.65678	5.97827	0	
0.98707	5.84978	1	
0.02929	6.34277	1	
0.80863	5.78425	0	
1.08165	6.01575	0	
2.36619	7.28183	0	
# Depth = 4, x = 2.50000 - 3.75000, y = 6.25000 - 7.50000
3.54552	6.27163	1	
3.59436	6.25323	0	
3.48454	6.50749	1	
3.57559	6.31814	1	
2.95423	6.69168	0	
3.16315	6.92762	1	
3.24442	6.47468	1	
3.53511	7.11337	1	
3.00435	6.49845	1	
3.63991	6.26793	1	
3.35264	6.97125	1	
3.35135	6.78432	1	
3.71862	7.43951	0	
3.23659	7.20689	0	
3.41846	6.58257	0	
2.92033	6.59529	0	
3.18070	6.74025	1	
3.59450	6.67149	0	
3.22007	6.79895	0	
3.02540	6.46324	1	
# Depth = 5, x = 3.75000 - 4.37500, y = 6.87500 - 7.50000
4.23980	7.33024	1	
4.01869	6.89686	0	
4.06794	7.07117	1	
3.93399	7.21417	0	
4.04406	6.97836	1	
4.37076	6.90793	0	
3.77108	7.04372	0	
3.79021	7.08004	0	
4.07264	7.44527	1	
3.75588	6.94754	1	
3.91349	6.98419	0	
4.34160	7.28213	1	
3.86723	7.07661	1	
3.78943	7.12289	1	
4.35089	6.97817	1	
4.23915	7.22029	0	
4.07115	7.03972	1	
3.90047	7.23000	1	
4.18558	6.98117	0	
4.37202	7.06007	1	
# Depth = 5, x = 4.37500 - 5.00000, y = 6.87500 - 7.50000
4.50026	6.95095	1	
4.61700	6.90029	1	
4.88566	7.29694	0	
4.70495	7.15365	0	
4.43035	7.16325	1	
4.78933	7.47387	0	
4.66503	7.46198	1	
4.84544	7.47567	0	
4.78179	7.18964	1	
4.38095	7.17479	0	
4.52396	7.18910	0	
4.80278	7.48128	0	
4.74280	7.46671	1	
4.82639	7.01174	1	
4.96183	7.16322	0	
4.70538	7.13955	1	
4.75359	6.93594	0	
4.55992	7.46610	0	
4.72383	7.08513	1	
4.40725	7.06327	1	
# Depth = 6, x = 3.75000 - 4.06250, y = 6.56250 - 6.87500
3.84750	6.61286	0	
4.01592	6.86575	1	
3.97225	6.73726	0	
3.82898	6.73120	1	
3.85803	6.77147	0	
3.83067	6.68645	0	
3.90833	6.78955	0	
3.85813	6.82457	1	
3.76529	6.59722	0	
4.01998	6.74504	1	
3.97407	6.75329	1	
3.90703	6.77318	0	
4.00237	6.84052	0	
3.97450	6.80960	0	
4.02411	6.79568	1	
3.92880	6.69133	1	
3.82699	6.59137	1	
3.89754	6.82556	0	
3.93713	6.59271	0	
3.96235	6.60563	1	
# Depth = 6, x = 4.06250 - 4.37500, y = 6.56250 - 6.87500
4.35786	6.71409	1	
4.31742	6.60299	1	
4.15108	6.57573	0	
4.32090	6.86773	1	
4.35246	6.70031	1	
4.19401	6.67006	0	
4.08508	6.78329	1	
4.30990	6.77153	0	
4.28879	6.86451	0	
4.17021	6.78147	0	
4.27119	6.79099	0	
4.13219	6.65991	1	
4.24275	6.79218	0	
4.13528	6.69840	1	
4.25810	6.61370	1	
4.18924	6.83875	1	
4.19421	6.65244	0	
4.16751	6.72487	0	
4.06442	6.72065	1	
4.37131	6.84555	0	
# Depth = 6, x = 3.75000 - 4.06250, y = 6.25000 - 6.56250
3.78091	6.41479	1	
4.04795	6.45843	1	
3.87326	6.56069	1	
3.96290	6.26973	0	
3.78998	6.42141	1	
3.83817	6.52399	0	
3.81699	6.39996	1	
3.95926	6.39304	1	
3.97175	6.34122	1	
3.84666	6.44732	0	
3.88881	6.29728	0	
3.78703	6.37217	1	
3.78862	6.30211	1	
3.75368	6.35281	1	
3.79429	6.46645	1	
4.06052	6.44686	0	
3.98708	6.37051	0	
3.99157	6.45149	0	
3.80453	6.49610	0	
4.03022	6.52720	1	
# Depth = 6, x = 4.06250 - 4.37500, y = 6.25000 - 6.56250
4.24619	6.27291	0	
4.34708	6.30049	1	
4.37375	6.33525	1	
4.15956	6.35887	1	
4.22046	6.27482	1	
4.29686	6.43322	1	
4.23351	6.50557	1	
4.27305	6.52176	1	
4.23828	6.35470	1	
4.23932	6.46952	1	
4.13526	6.35888	1	
4.10529	6.37586	1	
4.30423	6.30497	0	
4.09732	6.44526	1	
4.34597	6.41934	1	
4.24361	6.34448	0	
4.19732	6.30306	1	
4.08749	6.35918	1	
4.30256	6.44193	1	
4.34055	6.51527	1	
# Depth = 6, x = 4.37500 - 4.68750, y = 6.56250 - 6.87500
4.53674	6.86178	0	
4.54821	6.64785	0	
4.65889	6.71311	0	
4.51135	6.73863	0	
4.61413	6.75795	1	
4.65319	6.68278	0	
4.55048	6.77844	0	
4.43698	6.86237	1	
4.39240	6.73491	1	
4.65951	6.83146	1	
4.52324	6.58637	1	
4.48742	6.59116	1	
4.48015	6.87279	1	
4.41005	6.64790	0	
4.54729	6.56912	0	
4.47739	6.80368	1	
4.61019	6.68870	1	
4.52445	6.61286	0	
4.46058	6.69162	0	
4.66971	6.80718	0	
# Depth = 6, x = 4.68750 - 5.00000, y = 6.56250 - 6.87500
4.88308	6.81241	1	
4.96019	6.64511	1	
4.96926	6.75578	0	
4.79125	6.66169	1	
4.88258	6.65617	0	
4.78534	6.60112	1	
4.97705	6.86982	0	
4.92420	6.64838	0	
4.69965	6.60274	0	
4.79944	6.86182	0	
4.97461	6.56414	1	
4.87438	6.76926	1	
4.93333	6.70095	1	
4.87863	6.84697	0	
4.73447	6.63007	1	
4.83824	6.74726	1	
4.69408	6.84555	1	
4.88049	6.74508	1	
4.85754	6.56788	0	
4.73366	6.60428	1	
# Depth = 6, x = 4.37500 - 4.68750, y = 6.25000 - 6.56250
4.44524	6.27834	0	
4.50887	6.51639	0	
4.63575	6.51205	1	
4.50767	6.49901	1	
4.56408	6.52645	1	
4.39911	6.49500	1	
4.52223	6.32857	1	
4.54636	6.51697	0	
4.50023	6.26299	0	
4.44363	6.43430	0	
4.54646	6.28617	0	
4.57498	6.37973	0	
4.43266	6.35718	1	
4.66382	6.47223	1	
4.65030	6.41899	1	
4.66484	6.26185	1	
4.58431	6.45136	1	
4.55323	6.37847	1	
4.38615	6.25578	1	
4.39565	6.51516	1	
# Depth = 6, x = 4.68750 - 5.00000, y = 6.25000 - 6.56250
4.80712	6.50506	0	
4.72586	6.54755	1	
4.76547	6.33847	1	
4.78199	6.32967	1	
4.92998	6.53195	1	
4.77930	6.27943	0	
4.77661	6.52976	0	
4.77107	6.52309	1	
4.93083	6.27964	1	
4.99649	6.34359	1	
4.84208	6.50867	1	
4.96874	6.47810	0	
4.93423	6.47298	0	
4.76400	6.45875	0	
4.85853	6.33785	0	
4.74651	6.45967	1	
4.76828	6.27539	0	
4.87763	6.38159	1	
4.69745	6.31985	1	
4.69159	6.54994	0	
# Depth = 4, x = 2.50000 - 3.75000, y = 5.00000 - 6.25000
3.70181	6.10897	0	
3.32947	5.34694	1	
2.53120	5.14096	0	
3.70659	5.40895	0	
3.15330	5.54560	0	
2.71053	5.18649	1	
3.23250	5.94116	1	
2.65099	5.84134	1	
3.60495	5.05164	1	
3.39111	5.27143	1	
2.86626	5.56351	1	
3.11395	6.20198	0	
2.65523	6.07371	0	
2.64769	5.90459	0	
3.56416	5.95657	1	
2.84391	5.07744	1	
3.60629	5.34111	0	
2.81658	5.95456	0	
3.59995	5.33626	0	
3.61318	5.29124	0	
# Depth = 6, x = 3.75000 - 4.06250, y = 5.93750 - 6.25000
3.96503	5.93874	1	
3.79938	6.15790	1	
3.77900	6.02992	1	
3.99697	5.99037	0	
3.85459	6.11680	1	
4.02861	6.03551	1	
3.83329	6.01791	1	
3.76741	6.13827	0	
3.91472	6.23799	1	
3.98730	6.02300	0	
4.00985	6.20996	0	
3.75417	6.22437	1	
4.00259	5.96018	1	
3.95261	5.98569	0	
3.83252	6.18158	1	
3.92174	6.10160	1	
3.87607	6.13271	0	
3.75508	6.21707	0	
3.94508	6.19890	1	
3.86271	6.23468	0	
# Depth = 6, x = 4.06250 - 4.37500, y = 5.93750 - 6.25000
4.08406	6.20548	0	
4.12467	6.11821	0	
4.35643	6.13685	0	
4.12684	6.02561	0	
4.23527	6.24798	0	
4.08392	5.96056	1	
4.30646	5.98133	1	
4.06639	6.18619	0	
4.10219	6.08631	1	
4.34772	6.15034	1	
4.07549	6.09094	0	
4.17969	6.20857	1	
4.29979	6.13301	0	
4.26171	6.13108	1	
4.30595	6.22410	0	
4.28441	6.21669	1	
4.29749	6.04204	0	
4.37178	6.03877	1	
4.27081	5.99968	1	
4.27109	6.10010	1	
# Depth = 6, x = 3.75000 - 4.06250, y = 5.62500 - 5.93750
3.88583	5.89870	1	
3.84094	5.65502	0	
3.93418	5.76321	0	
3.94329	5.82572	0	
3.91194	5.71144	1	
3.92978	5.77967	1	
3.75871	5.71665	0	
3.83530	5.68828	1	
3.91127	5.72845	0	
3.85409	5.75447	1	
3.88651	5.65903	0	
4.05570	5.63352	0	
3.92293	5.63025	1	
3.91573	5.83627	1	
3.97907	5.79457	0	
3.98394	5.93339	0	
3.77461	5.88365	0	
3.99186	5.66459	1	
3.94623	5.87699	1	
3.75606	5.89525	0	
# Depth = 6, x = 4.06250 - 4.37500, y = 5.62500 - 5.93750
4.34766	5.77038	0	
4.28944	5.91367	0	
4.35603	5.72314	0	
4.36054	5.76192	1	
4.34822	5.65138	1	
4.35641	5.70766	0	
4.11465	5.69788	0	
4.13968	5.84442	1	
4.14501	5.62857	1	
4.31561	5.62721	1	
4.17077	5.82294	0	
4.34206	5.67035	1	
4.26738	5.81916	0	
4.27561	5.88079	0	
4.18143	5.73192	1	
4.07348	5.74785	1	
4.15773	5.89901	0	
4.27641	5.70633	1	
4.17856	5.92086	1	
4.29530	5.76447	1	
# Depth = 5, x = 4.37500 - 5.00000, y = 5.62500 - 6.25000
4.52684	5.77956	0	
4.55889	5.96489	0	
4.70273	5.77401	1	
4.54290	5.67032	0	
4.41073	6.20019	0	
4.62651	5.85354	0	
4.60921	6.20925	0	
4.42007	6.20046	0	
4.46598	6.23887	1	
4.40479	6.06856	0	
4.49081	5.99643	0	
4.45647	5.91493	0	
4.41997	5.71077	1	
4.65027	5.96996	0	
4.64143	5.76614	1	
4.69594	5.83350	1	
4.82013	6.22174	1	
4.84734	6.14863	1	
4.57428	6.06693	1	
4.71866	5.74922	1	
# Depth = 5, x = 3.75000 - 4.37500, y = 5.00000 - 5.62500
4.03206	5.10049	0	
4.09943	5.11368	0	
4.20637	5.60123	1	
4.21520	5.23586	1	
3.92178	5.57112	1	
3.79915	5.26163	0	
3.99249	5.55031	1	
4.14615	5.07901	0	
4.29922	5.39294	1	
3.77037	5.55009	1	
4.16801	5.60136	1	
4.23534	5.35141	0	
3.75812	5.16576	0	
4.10386	5.23073	1	
3.99653	5.42742	1	
4.04771	5.33903	0	
4.13732	5.34457	0	
4.14330	5.01488	0	
4.29348	5.30198	1	
4.09254	5.03708	1	
# Depth = 5, x = 4.37500 - 5.00000, y = 5.00000 - 5.62500
4.75812	5.06665	0	
4.39742	5.19430	1	
4.81744	5.50255	0	
4.97394	5.54442	0	
4.92299	5.57403	0	
4.79547	5.35745	1	
4.48214	5.49255	0	
4.44678	5.35614	0	
4.71794	5.37740	1	
4.97878	5.42241	1	
4.77842	5.27587	1	
4.92875	5.18289	0	
4.55760	5.43271	0	
4.69553	5.54654	1	
4.41680	5.59810	1	
4.69167	5.20621	0	
4.61197	5.04129	0	
4.91588	5.40335	1	
4.93503	5.19706	0	
4.58697	5.17070	1	
# Depth = 4, x = 5.00000 - 6.25000, y = 8.75000 - 10.00000
5.89699	9.49982	0	
5.40737	9.31852	0	
5.01197	9.33524	0	
5.32809	9.22085	0	
5.51185	9.96485	0	
5.46857	9.50888	1	
5.20419	9.07153	1	
6.20879	9.33473	0	
5.98928	9.37613	1	
5.03254	9.98755	1	
5.63028	8.81885	0	
5.76970	9.71741	0	
6.11651	9.92436	1	
5.80278	9.07715	0	
5.61606	9.67054	1	
5.04844	9.77199	0	
5.53973	9.31095	1	
5.14351	8.89680	1	
5.38476	8.99052	1	
5.58663	9.75251	1	
# Depth = 4, x = 6.25000 - 7.50000, y = 8.75000 - 10.00000
7.07602	8.77557	0	
7.29401	9.84982	0	
7.09842	8.87636	1	
6.84147	8.82271	0	
6.51354	9.21028	1	
6.78777	9.47742	1	
6.59884	8.97619	0	
7.43605	9.70740	1	
6.85565	9.54371	0	
7.25467	9.97546	1	
7.38990	8.77778	0	
7.38582	9.76480	1	
7.17502	9.41179	1	
7.12597	9.25151	0	
6.85559	9.52027	1	
7.29855	8.76311	1	
7.09652	9.03932	1	
7.37424	9.53741	0	
6.51007	9.57943	1	
6.25484	9.68796	1	
# Depth = 5, x = 5.00000 - 5.62500, y = 8.12500 - 8.75000
5.46074	8.29460	0	
5.29421	8.61345	0	
5.48317	8.34786	0	
5.28977	8.66516	1	
5.14590	8.27106	0	
5.39175	8.66264	1	
5.41087	8.34561	0	
5.22229	8.46958	0	
5.60389	8.68616	0	
5.57714	8.23680	1	
5.06381	8.40757	0	
5.19790	8.71004	0	
5.45432	8.30892	0	
5.39500	8.28218	0	
5.10786	8.50814	1	
5.57884	8.57881	0	
5.59934	8.69641	1	
5.05824	8.26940	1	
5.06609	8.63977	1	
5.11844	8.63908	1	
# Depth = 5, x = 5.62500 - 6.25000, y = 8.12500 - 8.75000
5.71186	8.52630	0	
5.87599	8.53842	0	
6.03211	8.36244	1	
5.96558	8.13871	1	
6.20828	8.69729	1	
5.99574	8.41491	0	
6.15216	8.60807	1	
6.21173	8.71873	0	
6.18293	8.69185	1	
5.89864	8.56160	0	
6.24997	8.66947	1	
5.64910	8.60940	1	
5.97870	8.52837	1	
5.74406	8.58227	0	
6.15206	8.42475	0	
6.21369	8.53755	0	
5.90112	8.13635	0	
5.86111	8.24827	0	
5.74529	8.18000	1	
5.77376	8.58178	1	
# Depth = 5, x = 5.00000 - 5.62500, y = 7.50000 - 8.12500
5.22473	7.62004	0	
5.24953	8.01223	0	
5.32994	8.08150	1	
5.08773	7.87777	1	
5.62343	7.53357	1	
5.10218	7.58168	0	
5.36406	7.61902	1	
5.52156	7.54333	1	
5.17324	7.84640	1	
5.36316	7.54124	1	
5.07079	7.71288	0	
5.54384	8.10923	0	
5.07663	7.99282	1	
5.53492	7.77837	0	
5.06965	8.01160	0	
5.59245	7.53982	1	
5.03480	8.12107	1	
5.11317	7.89612	0	
5.54759	7.94090	0	
5.24806	7.73465	0	
# Depth = 5, x = 5.62500 - 6.25000, y = 7.50000 - 8.12500
5.79947	7.93517	1	
5.94601	7.95633	0	
6.08879	7.86652	1	
6.23523	7.81600	0	
6.23546	7.82125	0	
6.14192	8.02604	0	
5.89803	8.03118	1	
5.72289	7.85126	0	
5.71197	7.80462	1	
5.74548	7.75341	1	
5.85201	7.75834	0	
5.63918	7.80203	0	
6.22306	8.00937	0	
5.84499	8.03119	1	
6.05213	7.91109	0	
5.70585	7.62843	0	
6.12325	7.95229	1	
5.86501	7.88051	0	
6.02654	8.04450	0	
5.67364	7.64707	0	
# Depth = 4, x = 6.25000 - 7.50000, y = 7.50000 - 8.75000
6.36446	8.23797	1	
6.30588	8.17392	0	
6.29165	8.59323	0	
6.28497	8.43960	0	
7.40320	8.17381	0	
6.96966	8.66587	0	
6.67212	8.12620	1	
7.05395	8.33539	1	
7.04082	8.19488	1	
7.11722	8.19634	1	
7.30522	8.27606	1	
7.38307	7.58517	0	
7.26117	8.40769	1	
7.46198	8.40882	0	
6.97771	7.56846	1	
7.24993	8.55161	0	
6.76824	8.06223	0	
6.99934	8.15955	0	
7.43969	8.47593	1	
7.05059	8.72996	0	
# Depth = 4, x = 7.50000 - 8.75000, y = 8.75000 - 10.00000
7.52800	8.75617	1	
8.36014	9.32169	1	
8.39967	9.35072	1	
8.14560	9.30927	0	
8.30916	9.20735	0	
8.37961	9.01717	1	
7.90682	9.99710	0	
8.15329	9.32200	0	
7.64584	9.11356	1	
8.11653	8.95881	0	
8.42996	9.33582	1	
8.69106	9.84295	1	
8.56319	9.38693	1	
8.02577	9.09363	0	
7.73776	9.56462	1	
7.53370	9.36764	0	
8.67056	8.89175	1	
7.92758	8.94309	0	
8.49145	9.50841	0	
8.45075	9.19094	0	
# Depth = 5, x = 8.75000 - 9.37500, y = 9.37500 - 10.00000
9.24762	9.86584	1	
9.18716	9.64873	1	
9.02448	9.73642	1	
9.05470	9.88784	0	
9.08157	9.97109	0	
8.82039	9.89018	0	
9.06457	9.55169	1	
9.32313	9.59850	0	
9.31857	9.67066	0	
8.98996	9.75038	0	
8.97513	9.38679	1	
9.10996	9.74685	1	
9.28907	9.41923	0	
9.14131	9.64450	0	
8.90534	9.64551	0	
9.03570	9.66372	1	
9.17189	9.57386	0	
9.35506	9.67527	1	
9.15177	9.44207	1	
8.90231	9.66519	1	
# Depth = 6, x = 9.37500 - 9.68750, y = 9.68750 - 10.00000
9.45501	9.80139	1	
9.47727	9.82996	1	
9.45863	9.85736	0	
9.55982	9.80531	0	
9.52854	9.94151	0	
9.43047	9.95133	0	
9.49525	9.76943	0	
9.64509	9.87983	1	
9.37832	9.95109	1	
9.51955	9.75930	1	
9.66433	9.81220	1	
9.40044	9.88698	0	
9.51604	9.96713	1	
9.56457	9.97647	1	
9.55810	9.96489	1	
9.60856	9.69615	1	
9.52955	9.93498	0	
9.44183	9.99842	1	
9.39564	9.74115	1	
9.42815	9.77706	0	
# Depth = 6, x = 9.68750 - 10.00000, y = 9.68750 - 10.00000
9.96515	9.92508	1	
9.86419	9.89583	0	
9.89874	9.99729	0	
9.82781	9.76538	0	
9.80952	9.86269	1	
9.95195	9.97062	1	
9.78498	9.76545	0	
9.82948	9.77661	0	
9.99479	9.87845	1	
9.91644	9.71099	1	
9.81243	9.76497	1	
9.99628	9.75345	0	
9.77061	9.96327	0	
9.86262	9.91683	0	
9.93683	9.69539	0	
9.72058	9.91863	0	
9.91386	9.87187	1	
9.88167	9.68844	0	
9.81457	9.81304	0	
9.93147	9.80642	1	
# Depth = 6, x = 9.37500 - 9.68750, y = 9.37500 - 9.68750
9.55820	9.51587	1	
9.67813	9.62734	1	
9.66823	9.44717	0	
9.39857	9.62574	1	
9.57127	9.56476	0	
9.64296	9.38753	0	
9.60166	9.54496	0	
9.63958	9.58920	0	
9.42060	9.64395	1	
9.54868	9.58660	0	
9.67652	9.39412	0	
9.50266	9.41996	0	
9.37974	9.54353	0	
9.48553	9.61183	0	
9.45011	9.49430	0	
9.63488	9.52130	0	
9.61668	9.45270	1	
9.53304	9.68023	1	
9.38150	9.37874	1	
9.40416	9.60489	0	
# Depth = 6, x = 9.68750 - 10.00000, y = 9.37500 - 9.68750
9.91840	9.46018	1	
9.99989	9.54727	0	
9.74010	9.55870	0	
9.75723	9.38716	0	
9.96551	9.57478	0	
9.78015	9.51958	0	
9.70294	9.45633	1	
9.89824	9.59236	0	
9.82698	9.48429	0	
9.78470	9.45409	0	
9.86938	9.64007	0	
9.90909	9.62789	1	
9.80171	9.62540	1	
9.82521	9.45674	0	
9.76298	9.65532	0	
9.87418	9.65002	1	
9.98002	9.37573	1	
9.70551	9.45492	1	
9.95611	9.45595	0	
9.88481	9.62930	1	
# Depth = 6, x = 8.75000 - 9.06250, y = 9.06250 - 9.37500
9.01088	9.19186	0	
8.80942	9.22860	1	
8.77571	9.25050	0	
8.94029	9.23701	0	
8.76570	9.25101	0	
9.03878	9.13691	0	
8.87526	9.26480	0	
8.83562	9.30702	0	
8.99027	9.21620	0	
8.81377	9.17170	0	
9.00946	9.37396	1	
8.86870	9.12528	0	
8.88012	9.09486	0	
8.84341	9.30531	1	
8.98139	9.25395	1	
8.89783	9.13967	1	
8.89830	9.24787	1	
8.79576	9.17843	1	
9.01295	9.36164	1	
9.04142	9.28710	0	
# Depth = 6, x = 9.06250 - 9.37500, y = 9.06250 - 9.37500
9.18929	9.15606	1	
9.08023	9.35269	0	
9.14943	9.34114	1	
9.29622	9.24294	0	
9.24454	9.25239	1	
9.29697	9.35942	0	
9.16945	9.30515	0	
9.07220	9.20497	0	
9.13926	9.37468	0	
9.08917	9.14871	0	
9.20441	9.29560	1	
9.12255	9.12973	1	
9.11447	9.07456	1	
9.22312	9.24321	1	
9.30392	9.28825	1	
9.19549	9.16971	1	
9.25420	9.21488	0	
9.32324	9.18761	1	
9.34344	9.30738	0	
9.14372	9.06489	1	
# Depth = 6, x = 8.75000 - 9.06250, y = 8.75000 - 9.06250
8.81354	8.85517	1	
8.75888	8.97024	1	
8.86971	8.82025	1	
8.82325	8.95575	0	
8.89728	9.00801	0	
8.83211	9.02318	0	
8.75645	8.81202	1	
8.75872	8.97795	1	
8.76442	8.83012	0	
8.92655	8.99103	1	
8.87094	8.77497	1	
8.89352	8.97032	1	
9.05763	8.87274	0	
8.88713	9.04148	1	
8.96600	8.90958	0	
9.00681	8.88463	0	
8.76183	8.84181	0	
9.03969	8.84733	1	
8.90524	9.02744	1	
8.79299	9.06248	1	
# Depth = 6, x = 9.06250 - 9.37500, y = 8.75000 - 9.06250
9.22594	8.84397	0	
9.09018	8.91999	0	
9.25776	9.01802	0	
9.11093	8.84154	0	
9.26311	8.88189	1	
9.18437	8.75663	0	
9.14930	8.99025	1	
9.14585	9.02263	0	
9.31858	8.91016	0	
9.17702	8.75931	1	
9.37151	8.97947	0	
9.09883	8.76002	0	
9.23756	8.82984	0	
9.16697	8.78610	0	
9.12693	8.75759	1	
9.30444	8.99528	0	
9.26081	8.76930	0	
9.20121	8.93232	1	
9.07745	8.93107	1	
9.19099	8.95499	1	
# Depth = 6, x = 9.37500 - 9.68750, y = 9.06250 - 9.37500
9.68598	9.35697	1	
9.47970	9.18520	1	
9.65078	9.32950	0	
9.64217	9.36585	1	
9.56723	9.32496	1	
9.59016	9.18818	1	
9.66065	9.31283	0	
9.43649	9.25064	1	
9.67486	9.18106	0	
9.57260	9.36805	0	
9.59834	9.08998	1	
9.51979	9.25264	0	
9.37872	9.17866	1	
9.50866	9.17635	1	
9.48880	9.37157	1	
9.45976	9.07151	1	
9.40087	9.23302	0	
9.62256	9.24472	0	
9.61507	9.21929	1	
9.47048	9.15674	1	
# Depth = 6, x = 9.68750 - 10.00000, y = 9.06250 - 9.37500
9.82753	9.32861	0	
9.76307	9.25962	1	
9.99512	9.22443	0	
9.83092	9.20778	1	
9.75044	9.31144	0	
9.74261	9.31536	1	
9.88814	9.30142	1	
9.86081	9.30983	1	
9.77113	9.35723	1	
9.84987	9.23637	0	
9.80794	9.29207	1	
9.87508	9.25710	0	
9.94109	9.36375	0	
9.80928	9.09245	0	
9.73246	9.28035	0	
9.82863	9.33221	1	
9.69619	9.32894	0	
9.81246	9.34254	1	
9.88560	9.08929	1	
9.75897	9.36227	1	
# Depth = 6, x = 9.37500 - 9.68750, y = 8.75000 - 9.06250
9.43583	8.75990	0	
9.42273	8.86731	1	
9.41300	8.94717	0	
9.45721	8.92485	1	
9.40306	8.76993	0	
9.66283	9.02324	0	
9.64556	8.82799	1	
9.39629	8.91912	0	
9.68382	9.01544	1	
9.53381	9.05032	0	
9.47843	8.88314	0	
9.61551	8.78173	0	
9.51539	8.97108	0	
9.39052	8.87104	0	
9.50691	8.93121	0	
9.39216	9.05864	0	
9.52884	8.85776	1	
9.66862	8.77547	1	
9.65777	8.86646	0	
9.63798	8.99197	0	
# Depth = 6, x = 9.68750 - 10.00000, y = 8.75000 - 9.06250
9.76329	8.90455	1	
9.90391	8.89157	1	
9.92457	8.80245	1	
9.77130	9.01976	1	
9.82141	8.81404	1	
9.78034	8.86605	1	
9.91081	9.00294	0	
9.98562	8.82542	1	
9.83516	8.79801	0	
9.88050	8.96827	0	
9.80456	8.88485	1	
9.92380	8.99757	0	
9.86889	8.78906	1	
9.83490	8.82251	0	
9.72133	8.99407	0	
9.87810	9.02386	1	
9.89119	8.89750	0	
9.97660	9.06031	1	
9.76032	8.96960	0	
9.81971	9.03203	1	
# Depth = 4, x = 7.50000 - 8.75000, y = 7.50000 - 8.75000
8.59185	8.41879	0	
7.65333	7.55995	1	
7.52815	8.17294	0	
8.36454	7.74913	1	
8.24965	8.46276	0	
7.70113	8.17742	0	
7.77334	8.31998	0	
8.70690	7.62168	0	
7.65516	8.02396	1	
8.40380	7.99835	1	
8.59366	8.54207	1	
8.40315	7.51963	0	
7.95161	8.67312	1	
8.48232	8.58612	0	
8.40803	8.48746	0	
7.60773	8.51294	0	
8.03337	7.74150	0	
8.07480	7.82454	1	
7.78723	7.97667	1	
7.92834	8.07038	1	
# Depth = 5, x = 8.75000 - 9.37500, y = 8.12500 - 8.75000
9.35722	8.24159	0	
9.16986	8.63302	1	
9.36376	8.36855	1	
9.18988	8.58396	0	
9.20027	8.17375	0	
9.21556	8.35234	0	
9.00365	8.41395	0	
9.21537	8.34684	0	
9.13005	8.65304	1	
8.97371	8.67379	1	
9.28353	8.22192	0	
9.25390	8.13826	0	
9.33866	8.59019	1	
8.96277	8.64761	1	
8.95978	8.67384	0	
9.21139	8.47609	1	
8.88498	8.46964	0	
9.14732	8.67130	0	
8.92343	8.71481	0	
8.98512	8.53414	1	
# Depth = 5, x = 9.37500 - 10.00000, y = 8.12500 - 8.75000
9.37630	8.16980	1	
9.56756	8.37664	0	
9.56936	8.53994	0	
9.71222	8.60350	0	
9.86949	8.59244	0	
9.79336	8.16622	1	
9.69949	8.72887	0	
9.46145	8.67672	1	
9.88253	8.44210	1	
9.64902	8.50059	1	
9.39679	8.20535	0	
9.62350	8.50563	0	
9.55352	8.26306	0	
9.38712	8.29616	0	
9.84294	8.19635	1	
9.69475	8.55621	0	
9.83603	8.55896	1	
9.67248	8.22715	1	
9.41807	8.41951	0	
9.52875	8.61501	1	
# Depth = 5, x = 8.75000 - 9.37500, y = 7.50000 - 8.12500
9.08022	7.51847	1	
8.86892	7.77417	0	
9.17801	7.53527	0	
8.92944	7.67508	0	
9.01039	7.80564	1	
8.95167	7.86308	0	
9.21828	7.69605	1	
9.25729	7.78972	0	
9.14970	7.70808	0	
9.04365	7.74224	1	
9.17560	7.57488	0	
9.19270	7.74323	1	
9.27869	7.67334	1	
8.99493	7.53012	1	
8.91240	7.81373	1	
8.76749	8.05596	0	
8.95871	7.90361	0	
9.23889	7.68720	1	
9.00196	7.87551	1	
9.19959	8.10320	1	
# Depth = 6, x = 9.37500 - 9.68750, y = 7.81250 - 8.12500
9.48594	7.93303	1	
9.40165	7.84266	1	
9.63604	7.99343	1	
9.64352	8.01480	0	
9.40387	7.86353	1	
9.64148	8.00262	0	
9.53150	8.05721	1	
9.48445	7.97910	1	
9.47857	7.89926	0	
9.62772	7.82817	0	
9.50755	7.97575	0	
9.41454	7.82496	1	
9.65000	7.85152	1	
9.45617	7.96066	0	
9.51603	8.05666	0	
9.44928	7.88448	1	
9.38756	8.10072	1	
9.46889	8.10573	1	
9.57423	7.81551	0	
9.64708	7.95935	1	
# Depth = 6, x = 9.68750 - 10.00000, y = 7.81250 - 8.12500
9.75213	7.83490	0	
9.85304	7.85675	0	
9.72004	8.03536	0	
9.98831	7.82321	1	
9.89948	7.94774	0	
9.88481	7.93657	1	
9.92771	8.11833	0	
9.80948	7.94480	0	
9.86965	8.03429	1	
9.72501	7.91213	0	
9.72006	8.00939	0	
9.96430	7.96433	1	
9.83172	7.83612	0	
9.86788	8.03262	1	
9.74824	8.11376	1	
9.91787	8.00919	0	
9.72764	7.95128	1	
9.86029	8.11387	0	
9.75949	8.10682	0	
9.97230	7.94750	0	
# Depth = 6, x = 9.37500 - 9.68750, y = 7.50000 - 7.81250
9.66627	7.69337	0	
9.45413	7.74733	0	
9.60706	7.74054	1	
9.46552	7.73918	1	
9.42314	7.56518	1	
9.58889	7.56396	0	
9.46779	7.79026	1	
9.61808	7.53581	1	
9.59033	7.50142	0	
9.43130	7.59732	1	
9.45045	7.69879	0	
9.62239	7.80994	0	
9.60903	7.69729	0	
9.48675	7.79863	1	
9.60297	7.70023	1	
9.38654	7.59908	1	
9.62180	7.60006	1	
9.41583	7.53930	1	
9.63249	7.71745	0	
9.39210	7.62237	0	
# Depth = 6, x = 9.68750 - 10.00000, y = 7.50000 - 7.81250
9.75298	7.76633	1	
9.89300	7.58421	0	
9.84761	7.54463	0	
9.69768	7.66549	0	
9.94941	7.53995	1	
9.92289	7.51676	0	
9.80605	7.61688	0	
9.89069	7.54529	1	
9.77069	7.54349	1	
9.98769	7.66878	1	
9.86299	7.50763	0	
9.87771	7.56546	0	
9.95664	7.73823	0	
9.79113	7.76800	1	
9.72786	7.55533	0	
9.74870	7.79240	0	
9.85115	7.59519	1	
9.91765	7.78414	0	
9.92739	7.74232	1	
9.87949	7.73529	1	
# Depth = 3, x = 5.00000 - 7.50000, y = 5.00000 - 7.50000
5.45093	6.02840	0	
6.51444	7.22804	0	
5.00024	7.13556	0	
5.84776	6.79353	0	
7.25514	6.56986	1	
7.14144	6.95286	0	
7.36270	5.68667	0	
7.30831	7.29994	1	
6.92450	7.04217	1	
6.29110	5.07410	0	
5.62443	6.06534	1	
5.80820	7.28625	0	
6.60084	5.91210	1	
6.25946	5.82331	1	
7.01272	7.07262	0	
6.88051	6.56925	1	
5.50872	6.99608	1	
6.50184	6.64063	0	
5.55559	6.80251	1	
5.27971	6.10492	0	
# Depth = 4, x = 7.50000 - 8.75000, y = 6.25000 - 7.50000
7.79498	6.64452	0	
8.44949	6.61242	0	
7.66706	7.46490	1	
7.68643	6.81122	1	
7.86319	6.59745	0	
8.64251	7.24323	1	
8.44644	6.83190	0	
7.89584	7.45404	0	
7.93254	6.98174	1	
8.53139	6.52854	1	
7.89198	6.54284	0	
7.63853	7.42794	1	
7.50605	6.84946	0	
8.26997	7.16692	0	
7.63348	7.19025	0	
7.58085	7.38449	0	
8.52447	6.90903	1	
7.88460	6.86622	0	
8.19993	7.35398	0	
8.62002	6.28920	1	
# Depth = 5, x = 8.75000 - 9.37500, y = 6.87500 - 7.50000
8.97917	6.87528	0	
9.14691	7.45309	1	
9.06357	6.98552	0	
9.13275	7.15252	1	
8.98841	7.17846	1	
8.88514	7.07910	1	
9.20402	7.27788	1	
8.92207	7.33661	0	
9.12029	7.25926	0	
9.33204	6.91680	0	
9.24890	7.04629	0	
8.78263	6.96036	1	
9.36258	7.05005	1	
8.98585	7.28385	0	
9.30066	7.21809	1	
8.83795	7.25330	0	
9.32462	7.13008	0	
9.29631	7.13298	1	
9.15633	6.92485	0	
9.21719	7.38691	1	
# Depth = 6, x = 9.37500 - 9.68750, y = 7.18750 - 7.50000
9.48377	7.26851	0	
9.42372	7.36287	0	
9.54013	7.19235	0	
9.42405	7.19605	0	
9.46836	7.45584	1	
9.66018	7.28107	1	
9.40149	7.44390	1	
9.62561	7.35582	1	
9.50686	7.46662	1	
9.40767	7.43388	1	
9.42743	7.24741	1	
9.45638	7.20639	0	
9.53124	7.34696	1	
9.54859	7.30538	1	
9.47209	7.47384	1	
9.57681	7.24470	1	
9.48788	7.48252	0	
9.39589	7.24923	1	
9.48541	7.30056	0	
9.46881	7.32100	1	
# Depth = 6, x = 9.68750 - 10.00000, y = 7.18750 - 7.50000
9.83888	7.34410	0	
9.85406	7.35307	1	
9.83711	7.31897	1	
9.69216	7.29728	1	
9.78033	7.36695	0	
9.71674	7.28746	1	
9.94010	7.26421	1	
9.89224	7.23568	1	
9.91024	7.46425	0	
9.72747	7.25229	0	
9.77425	7.41081	1	
9.94162	7.46869	0	
9.95908	7.34879	1	
9.93044	7.42745	1	
9.79143	7.33237	0	
9.73267	7.29850	0	
9.69180	7.48673	1	
9.94693	7.29036	1	
9.79766	7.34520	0	
9.99111	7.25331	0	
# Depth = 6, x = 9.37500 - 9.68750, y = 6.87500 - 7.18750
9.61332	7.06042	0	
9.63385	7.02960	1	
9.50747	6.94312	1	
9.45144	6.94698	1	
9.53716	7.14102	0	
9.40354	6.95842	0	
9.38821	7.13419	0	
9.50623	6.90475	0	
9.59090	7.04476	0	
9.66841	7.17258	0	
9.53038	7.05112	1	
9.63446	6.87621	1	
9.52058	6.99741	0	
9.58341	6.88500	1	
9.63181	6.93458	1	
9.43869	7.07492	0	
9.43718	7.17333	0	
9.65693	7.11553	0	
9.66514	7.17479	1	
9.47458	7.10592	0	
# Depth = 6, x = 9.68750 - 10.00000, y = 6.87500 - 7.18750
9.89702	6.98395	0	
9.94016	6.90836	1	
9.88749	7.18348	0	
9.70834	7.06618	0	
9.95014	7.01746	0	
9.72104	7.08148	0	
9.88084	7.06047	0	
9.87159	6.98819	1	
9.72617	7.06390	0	
9.86473	6.96445	0	
9.71022	6.87691	0	
9.86208	7.12998	0	
9.98542	7.16746	1	
9.88129	7.04262	1	
9.69950	7.13678	1	
9.69251	7.06583	1	
9.88735	6.91536	1	
9.71977	7.07965	1	
9.71228	7.16497	0	
9.86146	7.05888	0	
# Depth = 5, x = 8.75000 - 9.37500, y = 6.25000 - 6.87500
8.77569	6.70553	1	
9.37194	6.79847	1	
8.89014	6.83676	1	
8.99051	6.60021	1	
9.33629	6.28913	1	
9.35486	6.69944	0	
9.11880	6.80598	1	
9.03017	6.73497	0	
8.88834	6.52542	1	
9.19541	6.67600	1	
9.12273	6.42980	1	
9.10256	6.80876	1	
8.87346	6.64611	0	
9.16536	6.32628	0	
8.80890	6.86318	0	
8.90810	6.76795	0	
8.85019	6.79473	1	
8.89415	6.27870	0	
9.35877	6.35147	0	
8.89221	6.48498	0	
# Depth = 5, x = 9.37500 - 10.00000, y = 6.25000 - 6.87500
9.50494	6.49116	0	
9.45554	6.50063	0	
9.85547	6.67275	0	
9.42861	6.65160	0	
9.52586	6.74730	0	
9.37740	6.69434	0	
9.64822	6.72975	1	
9.50772	6.33226	0	
9.45591	6.79965	1	
9.42512	6.65312	1	
9.60090	6.61460	0	
9.94392	6.39105	0	
9.52073	6.60132	1	
9.55370	6.76851	1	
9.75962	6.41504	0	
9.75968	6.59409	0	
9.66824	6.71666	1	
9.54332	6.56276	1	
9.46148	6.56853	1	
9.52405	6.31869	0	
# Depth = 4, x = 7.50000 - 8.75000, y = 5.00000 - 6.25000
8.46544	5.85019	0	
8.61113	5.98414	0	
7.59626	5.45281	1	
7.52356	5.06292	0	
8.63446	5.32030	1	
8.37164	5.94446	1	
8.48759	5.74463	0	
7.53709	5.96125	1	
7.77062	6.07924	0	
8.51168	5.02183	0	
8.32176	5.28372	0	
7.63180	5.78219	1	
7.96967	5.45991	1	
8.67573	5.96648	0	
8.65354	5.33901	1	
7.88350	5.32811	0	
8.66369	5.10578	0	
7.70581	5.87371	0	
7.74799	5.09053	1	
8.03859	5.35379	0	
# Depth = 4, x = 8.75000 - 10.00000, y = 5.00000 - 6.25000
9.64889	5.90505	0	
8.88309	5.67104	0	
9.32372	5.91868	0	
9.72072	5.89777	1	
9.35288	5.49272	0	
9.42438	5.29727	0	
9.96806	5.03618	1	
9.37323	5.45397	1	
8.96902	5.39368	1	
9.33450	5.02933	0	
9.86580	5.85658	0	
9.86311	5.80855	0	
9.42664	5.57529	1	
9.44982	6.05809	1	
9.05403	5.73922	1	
9.60617	5.90109	0	
9.86265	6.23549	0	
9.71051	6.14017	0	
9.18885	6.22109	1	
9.60334	5.57676	0	
# Depth = 3, x = 0.00000 - 2.50000, y = 2.50000 - 5.00000
0.61664	2.56561	1	
0.79181	2.85774	0	
2.43003	4.52214	0	
0.01428	3.05066	1	
1.95252	4.45382	0	
1.74504	3.53497	1	
0.96103	4.23292	0	
2.22547	3.75653	0	
2.07051	3.80043	0	
0.77622	4.28300	1	
0.22286	4.36297	1	
1.69192	2.70851	1	
1.01290	4.17144	1	
0.29204	2.81959	0	
0.08441	4.01091	0	
2.19610	4.65863	0	
1.93895	3.92315	1	
1.72225	3.14244	0	
0.36973	2.71031	0	
2.28080	4.01717	0	
# Depth = 3, x = 2.50000 - 5.00000, y = 2.50000 - 5.00000
2.74713	4.38681	0	
3.91716	3.80971	1	
4.72300	2.65709	1	
4.78165	4.58259	0	
3.43449	2.88122	1	
3.95344	4.28964	0	
4.76839	3.31707	0	
4.20335	2.72702	0	
3.06237	2.91557	1	
3.58594	3.50631	1	
4.63403	4.85616	0	
4.78566	3.63898	1	
4.37907	4.15301	0	
4.04084	2.72660	0	
4.03591	3.88125	1	
2.92939	4.66105	1	
4.78534	3.82453	0	
3.96486	4.32243	0	
4.06014	4.59187	1	
4.44451	4.64066	1	
# Depth = 3, x = 0.00000 - 2.50000, y = 0.00000 - 2.50000
0.47826	1.45007	1	
0.41865	0.27022	0	
2.02310	0.71556	0	
0.54011	0.55978	0	
2.02922	2.10260	0	
2.44240	1.57666	0	
1.08769	0.64510	1	
0.13469	2.13668	0	
2.17314	0.19474	1	
0.24327	2.17675	1	
1.32647	0.80691	0	
0.49052	2.46583	0	
0.94676	0.13160	1	
1.39246	0.55945	1	
1.51026	0.78698	1	
2.42941	0.82943	1	
0.12783	2.04827	0	
1.63147	0.47487	1	
1.55817	1.54092	1	
0.87226	2.20075	1	
# Depth = 3, x = 2.50000 - 5.00000, y = 0.00000 - 2.50000
4.95199	1.54570	0	
4.32206	0.05193	1	
4.53507	0.40210	1	
4.00747	2.12706	0	
4.65757	0.15598	1	
4.15608	1.68688	1	
3.85551	1.84641	0	
4.08178	0.73427	1	
2.72298	1.98380	1	
3.33411	2.31898	0	
2.89316	1.61166	1	
3.70607	0.67705	1	
3.44217	0.54526	1	
2.76223	1.88530	1	
3.64206	0.57905	0	
3.61881	1.70130	0	
4.78182	0.57132	1	
3.56430	0.52738	1	
4.44619	1.97751	0	
4.38063	0.99198	0	
# Depth = 3, x = 5.00000 - 7.50000, y = 2.50000 - 5.00000
5.36840	3.03060	0	
7.43440	3.43031	1	
5.18175	3.99081	1	
5.41200	3.78633	1	
6.29354	3.36224	0	
6.98276	3.25760	1	
6.43718	3.17262	1	
6.76941	2.78264	1	
6.22009	2.99379	0	
6.26027	4.52736	0	
5.14737	2.88381	1	
6.48446	3.25144	0	
6.18179	4.50265	0	
5.91432	2.88123	0	
5.23731	3.27057	0	
5.15867	3.66313	1	
5.55805	3.70328	0	
6.99466	4.92395	1	
6.44570	3.38929	1	
5.74775	4.98867	1	
# Depth = 5, x = 7.50000 - 8.12500, y = 4.37500 - 5.00000
7.90329	4.77891	0	
7.53866	4.61947	0	
7.72115	4.90702	0	
7.56785	4.55069	0	
8.03285	4.79415	1	
8.08739	4.84946	0	
7.62991	4.97844	1	
8.06112	4.72123	1	
7.52474	4.40938	0	
7.79130	4.57267	0	
7.87057	4.61211	0	
8.04185	4.50939	0	
8.02202	4.40039	1	
7.92484	4.65977	1	
7.50455	4.43208	0	
7.84356	4.99276	1	
7.56063	4.74646	1	
8.07074	4.73935	0	
7.77307	4.98833	0	
8.00708	4.80447	1	
# Depth = 6, x = 8.12500 - 8.43750, y = 4.68750 - 5.00000
8.17391	4.95514	0	
8.29610	4.78305	0	
8.37938	4.89478	0	
8.27786	4.80165	1	
8.20931	4.84025	1	
8.34964	4.78967	1	
8.16555	4.76341	0	
8.15235	4.79553	0	
8.36930	4.76058	1	
8.13335	4.93763	1	
8.24601	4.96412	0	
8.41490	4.97808	1	
8.14989	4.68796	1	
8.25305	4.86571	0	
8.17054	4.82472	1	
8.17429	4.73287	1	
8.21502	4.73451	1	
8.39507	4.80908	0	
8.13764	4.94103	1	
8.18277	4.82998	0	
# Depth = 6, x = 8.43750 - 8.75000, y = 4.68750 - 5.00000
8.69079	4.84448	0	
8.66048	4.73162	0	
8.66467	4.81634	0	
8.51757	4.91654	1	
8.52657	4.95096	1	
8.56844	4.99966	0	
8.70102	4.90222	1	
8.52027	4.94028	1	
8.67286	4.92135	1	
8.59947	4.82917	0	
8.58174	4.86531	1	
8.46443	4.90151	0	
8.45550	4.73136	0	
8.72104	4.94227	0	
8.72042	4.70126	1	
8.63994	4.77660	1	
8.45618	4.80257	0	
8.69018	4.93202	0	
8.72620	4.98749	1	
8.54909	4.77424	1	
# Depth = 6, x = 8.12500 - 8.43750, y = 4.37500 - 4.68750
8.23911	4.66162	1	
8.28744	4.57316	1	
8.34919	4.65235	1	
8.33762	4.47104	0	
8.22968	4.50952	1	
8.29430	4.43063	0	
8.29913	4.51922	1	
8.28031	4.43855	0	
8.33451	4.38651	0	
8.41675	4.58052	1	
8.42773	4.56652	0	
8.43302	4.50964	1	
8.35744	4.56895	0	
8.17859	4.50000	0	
8.25771	4.53497	0	
8.42243	4.41006	0	
8.24743	4.65286	0	
8.18775	4.43718	0	
8.17385	4.53888	1	
8.16419	4.48228	1	
# Depth = 6, x = 8.43750 - 8.75000, y = 4.37500 - 4.68750
8.53628	4.56567	1	
8.44223	4.44283	0	
8.46732	4.46335	0	
8.46102	4.39786	1	
8.74536	4.63140	1	
8.61162	4.55484	0	
8.48735	4.42687	0	
8.49163	4.51145	1	
8.71825	4.59091	1	
8.70550	4.58202	0	
8.58829	4.38658	1	
8.47036	4.61923	1	
8.71048	4.38468	0	
8.53115	4.50442	0	
8.53828	4.57277	0	
8.56315	4.48194	0	
8.64113	4.40221	0	
8.45643	4.42595	0	
8.52459	4.60763	1	
8.44900	4.62752	0	
# Depth = 6, x = 7.50000 - 7.81250, y = 4.06250 - 4.37500
7.65778	4.17985	1	
7.77592	4.35969	0	
7.80064	4.21499	1	
7.71264	4.27067	1	
7.56156	4.23865	0	
7.52262	4.22860	0	
7.80450	4.30752	0	
7.78635	4.26930	1	
7.63664	4.23192	1	
7.68483	4.24807	0	
7.52284	4.36102	0	
7.79612	4.24346	0	
7.62264	4.17688	0	
7.80077	4.16294	0	
7.79737	4.24726	1	
7.64398	4.20304	1	
7.52244	4.26071	0	
7.52045	4.31498	1	
7.51874	4.13297	1	
7.74841	4.22943	0	
# Depth = 6, x = 7.81250 - 8.12500, y = 4.06250 - 4.37500
8.02032	4.32060	0	
7.81536	4.18868	0	
8.11483	4.26752	1	
8.11261	4.11864	1	
8.00231	4.09014	1	
7.93218	4.30368	1	
7.84539	4.13226	0	
8.09439	4.30600	1	
7.99860	4.14942	0	
8.08913	4.24925	1	
7.90153	4.08838	1	
7.97891	4.21736	0	
7.92748	4.21549	0	
7.88492	4.08352	1	
8.08569	4.31518	1	
7.95503	4.29578	0	
7.95074	4.29831	1	
7.82892	4.06599	1	
7.92121	4.34020	0	
7.96058	4.20775	0	
# Depth = 6, x = 7.50000 - 7.81250, y = 3.75000 - 4.06250
7.52412	3.88149	1	
7.79768	3.75014	1	
7.57492	4.00936	0	
7.78693	4.02888	0	
7.78106	3.91216	0	
7.70388	3.82126	0	
7.66934	3.97565	1	
7.64460	3.81439	1	
7.53604	3.91049	1	
7.59178	3.95449	1	
7.80641	3.81732	0	
7.51221	3.89833	1	
7.60711	4.05026	0	
7.66216	3.87590	1	
7.78075	3.92075	0	
7.62315	3.91000	1	
7.64116	3.85875	1	
7.56554	3.79121	0	
7.55046	3.87197	1	
7.78218	4.05147	1	
# Depth = 6, x = 7.81250 - 8.12500, y = 3.75000 - 4.06250
8.08774	3.96533	1	
7.99443	4.02270	0	
8.02560	3.80594	0	
8.05694	3.75284	0	
7.98726	3.95512	0	
8.07228	3.95406	1	
7.95184	3.97576	1	
8.06985	3.86897	0	
7.95805	3.78508	0	
7.99300	3.98713	1	
7.94593	4.04367	1	
8.08402	4.03803	1	
8.05731	3.76015	1	
7.85965	3.78733	0	
7.97298	3.86047	1	
8.01140	3.87430	1	
8.10765	3.79800	1	
8.09814	4.05315	1	
8.07734	4.00277	1	
7.83982	3.85478	1	
# Depth = 6, x = 8.12500 - 8.43750, y = 4.06250 - 4.37500
8.34620	4.26636	0	
8.15521	4.32269	1	
8.14039	4.21544	1	
8.23831	4.25492	1	
8.42420	4.23086	1	
8.16804	4.19015	0	
8.41683	4.16861	1	
8.15519	4.16000	0	
8.41482	4.22176	1	
8.36227	4.17418	1	
8.22967	4.08843	1	
8.26616	4.22034	1	
8.16007	4.21692	1	
8.18031	4.30267	1	
8.27204	4.27893	0	
8.13571	4.36741	1	
8.33584	4.21247	1	
8.34287	4.15726	0	
8.21422	4.27882	1	
8.32257	4.29716	1	
# Depth = 6, x = 8.43750 - 8.75000, y = 4.06250 - 4.37500
8.65775	4.35229	1	
8.64382	4.15744	0	
8.57173	4.37418	0	
8.68822	4.35659	0	
8.67658	4.13036	1	
8.53228	4.37286	1	
8.43841	4.32602	0	
8.70057	4.14468	1	
8.66192	4.27136	0	
8.48601	4.18597	0	
8.59377	4.18947	1	
8.67302	4.18756	0	
8.57430	4.09915	0	
8.51715	4.17824	1	
8.61481	4.33124	1	
8.57717	4.08227	1	
8.50727	4.06940	1	
8.70860	4.37058	0	
8.48973	4.20367	0	
8.74639	4.26364	0	
# Depth = 6, x = 8.12500 - 8.43750, y = 3.75000 - 4.06250
8.41217	3.94275	1	
8.38235	3.95826	0	
8.13320	3.81833	1	
8.42041	3.79133	0	
8.20947	3.82367	1	
8.28007	3.95602	0	
8.20250	3.98185	1	
8.15856	3.78377	0	
8.17908	3.85126	0	
8.42640	3.92268	1	
8.16459	3.96016	1	
8.29462	3.86749	1	
8.15456	3.80799	1	
8.24955	3.90990	0	
8.23412	3.78376	0	
8.13733	4.02652	1	
8.28839	3.80263	0	
8.23362	3.94429	0	
8.37491	3.78923	1	
8.25601	3.76395	0	
# Depth = 6, x = 8.43750 - 8.75000, y = 3.75000 - 4.06250
8.49099	3.83766	1	
8.55691	3.86537	0	
8.66509	3.98025	0	
8.51588	3.76315	0	
8.59054	3.76901	1	
8.55965	3.88122	0	
8.73314	3.84015	0	
8.54237	3.97467	1	
8.64754	3.94993	1	
8.45953	3.91648	1	
8.62199	4.04645	0	
8.66397	3.93049	0	
8.51229	3.80828	0	
8.57599	3.90534	1	
8.55351	3.94440	0	
8.64609	3.95191	1	
8.53194	3.88936	0	
8.66154	3.84895	0	
8.58576	3.87086	0	
8.68232	4.03899	1	
# Depth = 5, x = 8.75000 - 9.37500, y = 4.37500 - 5.00000
9.09258	4.95340	1	
8.99062	4.93840	1	
9.10458	4.85193	1	
9.17231	4.99202	0	
8.93049	4.76324	0	
8.83775	4.79894	1	
8.87461	4.83842	0	
9.04177	4.98913	1	
9.00800	4.86467	1	
9.13035	4.83121	0	
8.82742	4.76155	1	
8.87072	4.91301	0	
8.83251	4.55038	0	
8.85808	4.47466	1	
9.12035	4.61798	1	
9.19041	4.55853	1	
8.80722	4.41869	0	
9.10003	4.44790	0	
9.03768	4.40226	0	
9.10636	4.43865	1	
# Depth = 5, x = 9.37500 - 10.00000, y = 4.37500 - 5.00000
9.81273	4.45933	1	
9.89525	4.73846	0	
9.95529	4.58437	1	
9.40825	4.90892	1	
9.50580	4.90791	1	
9.90602	4.93228	0	
9.97543	4.97931	1	
9.47868	4.97411	0	
9.91462	4.84348	0	
9.55864	4.62004	0	
9.81067	4.88650	0	
9.86227	4.98412	1	
9.96157	4.93137	1	
9.76210	4.44964	0	
9.87143	4.79418	1	
9.76775	4.57810	0	
9.64807	4.49524	0	
9.78189	4.76943	1	
9.91107	4.79017	1	
9.74807	4.52422	0	
# Depth = 5, x = 8.75000 - 9.37500, y = 3.75000 - 4.37500
8.77232	4.06230	1	
9.30065	4.24253	0	
9.16418	4.36966	0	
9.01019	4.17125	0	
9.18458	4.23158	0	
9.17261	4.28324	1	
9.11550	4.01970	1	
9.06249	3.92758	1	
9.23798	4.20745	1	
8.96740	3.76036	1	
9.32720	4.32414	1	
8.79979	3.82061	1	
9.24604	4.22229	0	
9.16329	4.02152	0	
8.83838	4.22822	1	
8.85280	3.93146	0	
9.26686	3.85766	1	
9.33002	4.01453	0	
9.24332	4.22637	0	
9.11275	3.89244	0	
# Depth = 5, x = 9.37500 - 10.00000, y = 3.75000 - 4.37500
9.77437	3.96690	1	
9.93313	3.77470	1	
9.92942	4.06820	0	
9.55470	4.34035	1	
9.43365	4.00231	1	
9.55143	3.82845	1	
9.51279	4.06232	1	
9.86506	3.96827	0	
9.71106	4.30247	1	
9.92998	3.88392	0	
9.82126	3.97575	0	
9.78818	3.78323	0	
9.58864	3.82771	0	
9.81799	4.24085	1	
9.59459	3.98616	0	
9.56536	4.35046	0	
9.42976	4.19918	0	
9.38535	3.99909	0	
9.41097	3.96127	1	
9.97665	4.00498	1	
# Depth = 5, x = 7.50000 - 8.12500, y = 3.12500 - 3.75000
7.80568	3.61771	1	
7.95571	3.46109	1	
7.93394	3.23111	0	
7.69060	3.48315	1	
8.05190	3.22734	0	
8.07322	3.12910	0	
7.98444	3.69721	0	
7.70817	3.23115	0	
7.81939	3.27303	1	
8.04038	3.69941	0	
7.87009	3.35034	1	
7.65630	3.30411	0	
7.66165	3.25041	1	
8.01059	3.43992	1	
7.58002	3.29680	1	
7.67826	3.41906	1	
7.63148	3.50048	0	
7.87470	3.65428	0	
7.52569	3.29252	0	
7.56136	3.16984	1	
# Depth = 6, x = 8.12500 - 8.43750, y = 3.43750 - 3.75000
8.17010	3.45381	1	
8.16925	3.73604	1	
8.24823	3.55461	0	
8.42321	3.57532	0	
8.18924	3.54384	0	
8.24086	3.53147	1	
8.22434	3.71430	1	
8.31590	3.65637	1	
8.19172	3.61936	0	
8.41281	3.59621	0	
8.34993	3.60685	1	
8.25572	3.45346	1	
8.43308	3.69677	0	
8.15020	3.62980	0	
8.33349	3.58754	1	
8.25041	3.74477	1	
8.39068	3.64150	1	
8.37401	3.44417	0	
8.37977	3.70930	0	
8.13999	3.51974	0	
# Depth = 6, x = 8.43750 - 8.75000, y = 3.43750 - 3.75000
8.52144	3.60881	1	
8.62503	3.74429	1	
8.70067	3.72435	0	
8.51645	3.54532	1	
8.47908	3.70812	1	
8.54500	3.69872	1	
8.46375	3.74136	0	
8.57323	3.44222	0	
8.74333	3.54586	0	
8.54746	3.44138	0	
8.48408	3.54329	0	
8.52685	3.48844	0	
8.45309	3.47295	1	
8.61928	3.63679	1	
8.54115	3.70767	1	
8.52253	3.65259	0	
8.45060	3.68355	0	
8.61991	3.72578	1	
8.65361	3.54176	0	
8.52469	3.44347	0	
# Depth = 6, x = 8.12500 - 8.43750, y = 3.12500 - 3.43750
8.25321	3.25186	1	
8.21086	3.33635	0	
8.38799	3.23592	1	
8.22073	3.13094	1	
8.42457	3.16978	0	
8.29614	3.31548	1	
8.37823	3.23991	1	
8.34018	3.15835	1	
8.21817	3.25141	0	
8.23325	3.20965	1	
8.37764	3.42024	0	
8.15556	3.26891	0	
8.21408	3.26437	1	
8.39522	3.41498	0	
8.15650	3.32870	1	
8.39682	3.36585	0	
8.33012	3.29216	1	
8.41011	3.14740	0	
8.24258	3.15255	1	
8.36258	3.33205	1	
# Depth = 6, x = 8.43750 - 8.75000, y = 3.12500 - 3.43750
8.48535	3.22898	1	
8.61885	3.18043	1	
8.49855	3.26858	1	
8.69507	3.37020	1	
8.64086	3.32009	1	
8.47531	3.30182	1	
8.53355	3.42268	0	
8.63522	3.27197	0	
8.73351	3.36750	0	
8.51975	3.33313	0	
8.71644	3.14898	1	
8.45138	3.27918	0	
8.66019	3.28509	0	
8.47085	3.17577	0	
8.58526	3.31992	0	
8.54066	3.36495	0	
8.65735	3.30801	1	
8.49637	3.31327	1	
8.66374	3.26777	0	
8.60725	3.34272	0	
# Depth = 6, x = 7.50000 - 7.81250, y = 2.81250 - 3.12500
7.79882	2.99314	1	
7.69639	2.88664	1	
7.74219	2.93284	1	
7.52868	2.92040	1	
7.59243	2.89437	0	
7.65872	2.98365	0	
7.79196	2.93834	1	
7.51107	3.11374	1	
7.66282	2.88458	1	
7.63662	3.06690	0	
7.55797	2.92865	1	
7.73803	3.11224	1	
7.76278	2.98153	0	
7.59687	2.93143	1	
7.52995	3.03237	1	
7.73632	3.04579	0	
7.74757	3.01172	0	
7.53693	2.81345	1	
7.65845	2.92313	1	
7.64202	3.01025	1	
# Depth = 6, x = 7.81250 - 8.12500, y = 2.81250 - 3.12500
7.87771	2.94024	1	
7.83657	2.96467	1	
7.86432	3.06054	1	
7.99086	2.96110	1	
7.88469	2.86930	1	
7.83863	2.95313	1	
7.83476	2.98505	1	
8.02434	3.11751	1	
7.95163	3.09100	1	
7.81652	3.11049	0	
7.91062	2.96686	0	
7.93735	2.87400	1	
7.83531	2.92649	1	
7.84397	3.09894	1	
7.83111	3.09669	0	
7.89426	2.82125	0	
7.83261	2.99761	0	
7.99347	2.86414	1	
8.09762	3.05143	1	
7.88876	2.89052	0	
# Depth = 6, x = 7.50000 - 7.81250, y = 2.50000 - 2.81250
7.73396	2.51001	0	
7.73574	2.61350	0	
7.57105	2.79635	1	
7.62653	2.50216	1	
7.77488	2.67916	0	
7.62501	2.60904	1	
7.66630	2.59103	0	
7.51088	2.68240	1	
7.60273	2.56577	0	
7.75319	2.53018	1	
7.64281	2.73159	1	
7.75815	2.64842	0	
7.65719	2.78582	1	
7.76956	2.67417	0	
7.66178	2.67579	0	
7.71523	2.66032	0	
7.61311	2.56165	0	
7.75187	2.62080	1	
7.75106	2.67789	0	
7.68699	2.72192	0	
# Depth = 6, x = 7.81250 - 8.12500, y = 2.50000 - 2.81250
7.93704	2.72644	1	
8.06303	2.75159	0	
8.04981	2.79734	1	
7.88116	2.66622	0	
7.92187	2.79525	0	
7.83820	2.52172	1	
8.05802	2.73800	0	
7.87277	2.77551	1	
8.01318	2.62764	1	
7.87059	2.54711	1	
8.02572	2.50058	1	
7.86852	2.63105	1	
7.96711	2.81066	0	
7.85012	2.72864	0	
7.91290	2.53551	0	
8.06381	2.73848	0	
7.84733	2.50512	1	
8.02064	2.57150	1	
8.08459	2.64474	1	
8.00922	2.56142	1	
# Depth = 6, x = 8.12500 - 8.43750, y = 2.81250 - 3.12500
8.41488	2.94001	1	
8.28593	2.84037	0	
8.33492	3.11893	1	
8.15778	2.97766	0	
8.16133	3.09707	0	
8.39713	3.00154	1	
8.36110	2.81822	0	
8.40107	3.08939	0	
8.40888	2.89042	1	
8.31668	3.02403	0	
8.31604	2.92895	1	
8.17680	2.99845	1	
8.30436	3.12378	1	
8.27305	2.91930	0	
8.43581	2.94460	0	
8.31146	2.94108	0	
8.37690	2.91502	1	
8.34822	3.01619	1	
8.40427	3.08271	0	
8.21866	3.06847	1	
# Depth = 6, x = 8.43750 - 8.75000, y = 2.81250 - 3.12500
8.56953	3.11753	1	
8.64095	2.99894	1	
8.72344	2.84458	0	
8.62108	2.87169	1	
8.63892	2.85775	1	
8.72721	2.93835	0	
8.61627	2.93484	1	
8.72935	2.89890	1	
8.55298	2.96232	1	
8.60040	3.05112	0	
8.47343	3.08768	0	
8.60264	2.94191	0	
8.54978	3.02949	0	
8.61305	2.98506	0	
8.47839	3.08820	0	
8.46593	2.83190	0	
8.57102	2.82268	0	
8.72519	2.90019	1	
8.50392	2.93482	0	
8.69459	3.01469	1	
# Depth = 6, x = 8.12500 - 8.43750, y = 2.50000 - 2.81250
8.34842	2.64909	0	
8.20391	2.65753	1	
8.27932	2.53726	1	
8.43392	2.79517	1	
8.29033	2.62648	1	
8.12706	2.55479	0	
8.18640	2.54286	0	
8.22272	2.56625	0	
8.35367	2.64891	1	
8.30075	2.67214	0	
8.24152	2.51896	1	
8.22187	2.80714	1	
8.30573	2.79149	1	
8.24263	2.57899	0	
8.40527	2.51576	0	
8.31801	2.61726	0	
8.17749	2.73967	1	
8.34110	2.72943	0	
8.12648	2.68203	0	
8.42384	2.67497	1	
# Depth = 6, x = 8.43750 - 8.75000, y = 2.50000 - 2.81250
8.45299	2.80060	1	
8.48273	2.78206	0	
8.53477	2.63502	0	
8.66816	2.64628	1	
8.52350	2.76718	0	
8.54639	2.61685	0	
8.58521	2.71805	0	
8.53792	2.64414	0	
8.58663	2.70280	0	
8.69586	2.80646	0	
8.51627	2.66773	0	
8.66979	2.74824	1	
8.70337	2.63769	1	
8.65278	2.72210	0	
8.50612	2.51438	0	
8.70034	2.71078	0	
8.57888	2.75243	0	
8.46406	2.54836	1	
8.61643	2.57774	1	
8.73934	2.77985	1	
# Depth = 5, x = 8.75000 - 9.37500, y = 3.12500 - 3.75000
8.81373	3.50066	0	
9.33801	3.59849	1	
8.75433	3.14809	0	
9.24844	3.44468	0	
9.14593	3.52310	1	
9.02537	3.36084	0	
9.24044	3.16023	1	
9.19284	3.49602	0	
8.85816	3.43355	1	
8.86115	3.40650	0	
9.03516	3.59905	1	
9.18590	3.50478	0	
8.75322	3.72604	1	
8.77179	3.17200	0	
9.24653	3.34710	1	
9.36459	3.69164	1	
9.12670	3.38620	1	
8.85910	3.33875	0	
9.08858	3.54185	1	
8.82193	3.32039	0	
# Depth = 6, x = 9.37500 - 9.68750, y = 3.43750 - 3.75000
9.38690	3.72004	1	
9.67656	3.49086	0	
9.58684	3.61551	0	
9.52762	3.54223	1	
9.54535	3.48959	0	
9.50825	3.63739	1	
9.47388	3.71637	0	
9.59038	3.63648	0	
9.40930	3.56350	1	
9.44172	3.45060	0	
9.68640	3.65029	0	
9.63607	3.53489	0	
9.64342	3.47044	0	
9.62009	3.48219	0	
9.64461	3.55957	1	
9.50985	3.64852	0	
9.45879	3.59695	0	
9.62538	3.68251	1	
9.45183	3.58919	1	
9.54513	3.58544	0	
# Depth = 6, x = 9.68750 - 10.00000, y = 3.43750 - 3.75000
9.70149	3.50182	1	
9.94859	3.54672	1	
9.94994	3.73117	1	
9.76480	3.58931	0	
9.81823	3.47060	0	
9.77318	3.51654	1	
9.93294	3.48020	1	
9.93849	3.64636	1	
9.91460	3.44684	0	
9.76484	3.69353	1	
9.85606	3.71882	1	
9.73430	3.60703	0	
9.71133	3.69404	0	
9.97568	3.49643	0	
9.73017	3.62498	0	
9.85648	3.70483	0	
9.93451	3.54547	0	
9.82702	3.48651	1	
9.90817	3.66880	0	
9.99485	3.45098	0	
# Depth = 6, x = 9.37500 - 9.68750, y = 3.12500 - 3.43750
9.43329	3.33837	0	
9.55307	3.32763	0	
9.63014	3.24438	0	
9.60644	3.29628	1	
9.48567	3.23064	0	
9.48279	3.40630	1	
9.48239	3.39374	1	
9.64133	3.43393	1	
9.38986	3.31254	1	
9.41640	3.24129	0	
9.56381	3.13177	1	
9.50941	3.40823	0	
9.46308	3.12750	1	
9.57785	3.39928	0	
9.66012	3.22865	0	
9.46916	3.31061	0	
9.41359	3.31486	1	
9.64970	3.14602	0	
9.55746	3.30623	1	
9.39560	3.42366	1	
# Depth = 6, x = 9.68750 - 10.00000, y = 3.12500 - 3.43750
9.79187	3.22005	1	
9.71704	3.36198	0	
9.84957	3.38588	0	
9.88144	3.28799	0	
9.69664	3.29147	1	
9.69168	3.31353	0	
9.92518	3.31183	0	
9.70418	3.19911	1	
9.98797	3.32246	1	
9.89930	3.16290	0	
9.68999	3.32226	0	
9.79419	3.32601	1	
9.70261	3.30651	1	
9.79691	3.42268	0	
9.89387	3.30294	1	
9.74925	3.34879	1	
9.84616	3.36110	1	
9.68815	3.13496	1	
9.69197	3.36687	0	
9.99061	3.23208	1	
# Depth = 6, x = 8.75000 - 9.06250, y = 2.81250 - 3.12500
9.05951	2.85656	0	
9.05268	3.04677	1	
9.06061	2.83205	1	
8.88148	3.09887	1	
9.00479	3.00767	1	
8.94338	3.08268	1	
9.01365	2.90777	1	
9.01256	2.87609	0	
8.92191	3.04780	1	
8.78856	2.92522	0	
8.98548	3.01346	0	
8.82951	3.11608	1	
8.81666	2.95865	1	
9.00313	3.03230	1	
8.80907	2.84154	0	
8.91867	2.92078	1	
8.90208	3.10966	0	
8.81282	2.87872	0	
9.00150	2.95978	1	
8.96625	2.83002	0	
# Depth = 6, x = 9.06250 - 9.37500, y = 2.81250 - 3.12500
9.11833	3.02966	1	
9.21771	2.92663	1	
9.29314	2.82492	1	
9.09851	3.02685	1	
9.32380	2.83583	1	
9.10949	2.89787	0	
9.31669	3.07245	1	
9.19396	3.03984	0	
9.26236	2.88637	1	
9.27466	3.07315	0	
9.10390	3.10655	1	
9.16996	2.87220	0	
9.21889	2.81654	0	
9.19514	2.81848	0	
9.29915	3.11196	1	
9.16598	2.83460	1	
9.27729	3.00849	1	
9.29676	2.91893	0	
9.08330	3.00357	0	
9.14718	2.85149	1	
# Depth = 6, x = 8.75000 - 9.06250, y = 2.50000 - 2.81250
8.83214	2.60794	1	
8.95939	2.62233	0	
8.97404	2.53217	0	
8.96418	2.53368	1	
8.82417	2.64402	1	
8.76765	2.51685	0	
9.02484	2.62398	1	
8.81498	2.70874	0	
8.93624	2.78016	1	
8.96339	2.80492	1	
8.88147	2.56837	1	
9.04720	2.56751	0	
8.80941	2.80886	1	
8.88734	2.60467	0	
8.83312	2.68321	1	
8.95224	2.52355	0	
8.90572	2.68170	1	
9.04332	2.78434	0	
8.75777	2.65880	1	
9.02886	2.57504	0	
# Depth = 6, x = 9.06250 - 9.37500, y = 2.50000 - 2.81250
9.15865	2.78570	0	
9.15931	2.64852	0	
9.20560	2.64751	1	
9.22754	2.55836	1	
9.09745	2.51963	0	
9.17874	2.73733	0	
9.10949	2.78677	1	
9.18350	2.76612	0	
9.26740	2.57081	0	
9.16606	2.69248	1	
9.33469	2.73493	1	
9.26171	2.54791	1	
9.13611	2.57495	1	
9.28574	2.71595	0	
9.10785	2.74914	1	
9.31819	2.63467	0	
9.26705	2.66795	0	
9.24352	2.66408	1	
9.27766	2.51809	1	
9.28054	2.60370	0	
# Depth = 6, x = 9.37500 - 9.68750, y = 2.81250 - 3.12500
9.60254	2.92264	1	
9.64824	2.84158	1	
9.49346	3.06761	1	
9.50471	2.81910	0	
9.62698	3.09617	1	
9.54317	2.85202	0	
9.54114	2.91358	0	
9.48186	3.12039	1	
9.62911	3.04395	0	
9.39089	2.94055	0	
9.41447	2.82723	0	
9.68709	3.04697	0	
9.59480	2.87874	0	
9.66823	2.84567	0	
9.59058	2.91777	1	
9.42213	2.95261	0	
9.38747	2.88469	0	
9.50344	3.03037	1	
9.47240	2.92525	0	
9.44689	2.92575	0	
# Depth = 6, x = 9.68750 - 10.00000, y = 2.81250 - 3.12500
9.92536	2.89579	1	
9.95940	3.11513	1	
9.74163	2.84417	1	
9.88583	3.09739	0	
9.97921	2.81782	1	
9.75116	3.07333	1	
9.91971	2.81796	1	
9.89579	2.97569	1	
9.87066	2.83710	1	
9.69965	2.95993	0	
9.84390	2.92968	0	
9.87854	3.02377	0	
9.78923	2.96736	1	
9.95123	3.02261	0	
9.78821	2.92768	1	
9.77153	2.94748	1	
9.76995	3.10597	0	
9.68800	3.06748	0	
9.86842	3.04958	0	
9.70158	2.96963	0	
# Depth = 6, x = 9.37500 - 9.68750, y = 2.50000 - 2.81250
9.64244	2.63157	1	
9.55754	2.67310	0	
9.41642	2.55813	0	
9.58929	2.78697	0	
9.50652	2.74717	1	
9.51997	2.77246	1	
9.45363	2.58111	0	
9.40577	2.57086	0	
9.60627	2.77248	0	
9.66167	2.78960	0	
9.53041	2.56034	1	
9.38353	2.61048	0	
9.52088	2.73172	0	
9.65111	2.53005	1	
9.68712	2.73813	1	
9.43275	2.70534	1	
9.61543	2.73853	0	
9.60952	2.80046	0	
9.52958	2.64368	1	
9.67045	2.56336	1	
# Depth = 6, x = 9.68750 - 10.00000, y = 2.50000 - 2.81250
9.79354	2.71349	1	
9.86007	2.77454	0	
9.92631	2.59137	1	
9.75452	2.79178	0	
9.80836	2.60235	1	
9.70367	2.59012	0	
9.83832	2.72009	1	
9.93871	2.74243	0	
9.73804	2.60738	0	
9.88020	2.58263	1	
9.91431	2.61815	0	
9.98359	2.60408	0	
9.78020	2.80427	0	
9.91864	2.75076	1	
9.93493	2.51662	1	
9.70504	2.51848	0	
9.87873	2.69828	1	
9.69157	2.72711	1	
9.72115	2.64956	0	
9.76027	2.53888	0	
# Depth = 3, x = 5.00000 - 7.50000, y = 0.00000 - 2.50000
5.14458	1.26272	1	
7.14933	0.79935	1	
5.80030	1.52756	0	
6.44359	0.69655	1	
6.37842	1.63959	0	
6.46972	1.92867	1	
7.40215	1.17063	0	
5.55385	0.50808	0	
5.84327	0.53497	0	
7.29373	1.98670	0	
5.38214	1.30165	0	
5.36007	2.18666	0	
6.63873	1.90292	1	
7.32571	0.50574	1	
5.40677	0.28828	0	
5.21661	2.32103	1	
7.11696	0.81064	1	
5.91364	0.38917	0	
6.73128	1.04628	1	
6.11220	0.28362	1	
# Depth = 4, x = 7.50000 - 8.75000, y = 1.25000 - 2.50000
7.93615	1.77598	0	
8.56518	1.46952	1	
8.04139	1.42599	1	
8.73409	1.29840	0	
7.99743	2.13422	1	
7.54799	1.42573	1	
8.08355	1.77930	1	
7.64069	2.03039	0	
8.47843	1.46223	0	
8.08118	1.69722	0	
7.89686	1.62186	1	
8.65104	1.89084	0	
7.51346	2.16250	0	
8.52508	2.35575	0	
8.09992	1.48165	1	
8.45044	1.98925	1	
8.23366	1.54322	0	
7.76796	1.35803	0	
8.12261	1.63116	0	
8.00767	1.80496	1	
# Depth = 5, x = 8.75000 - 9.37500, y = 1.87500 - 2.50000
8.80466	2.06027	0	
9.28766	2.05393	0	
8.77794	1.96142	0	
9.30623	1.99213	0	
9.31834	2.03070	1	
9.28608	2.44845	1	
9.36527	2.32597	1	
9.02187	1.96481	1	
9.02672	1.98236	1	
8.81155	2.48669	0	
9.17691	1.89926	1	
9.17477	1.95730	0	
8.95792	2.49733	0	
8.99838	1.91170	0	
8.76542	2.31587	0	
8.90161	1.99233	0	
9.31140	2.41323	0	
8.95855	2.13379	0	
9.08395	2.05866	1	
9.30131	1.98513	0	
# Depth = 5, x = 9.37500 - 10.00000, y = 1.87500 - 2.50000
9.45663	2.36191	0	
9.39715	2.08136	1	
9.93456	2.29364	0	
9.57045	2.37744	0	
9.95965	2.03207	1	
9.94356	1.96629	0	
9.48259	2.44504	1	
9.71384	1.99391	1	
9.75572	2.18329	0	
9.98785	1.96149	0	
9.75062	2.44187	1	
9.41270	2.48493	0	
9.47581	2.38974	0	
9.83111	2.49643	1	
9.65396	1.97352	1	
9.52298	1.87992	0	
9.96754	2.30696	0	
9.95986	2.13064	0	
9.93365	2.48559	1	
9.94198	2.07071	1	
# Depth = 5, x = 8.75000 - 9.37500, y = 1.25000 - 1.87500
8.80615	1.66834	0	
9.21832	1.75287	0	
8.88673	1.48369	1	
9.01047	1.67499	0	
9.30050	1.59517	1	
9.07693	1.66294	0	
9.28329	1.61447	0	
8.98392	1.52506	1	
9.33476	1.31968	1	
8.92740	1.32793	0	
9.35093	1.81999	1	
8.80440	1.65916	1	
9.17374	1.43262	1	
9.11704	1.70560	0	
9.35887	1.38697	0	
8.82064	1.55723	0	
8.95486	1.52483	0	
8.80956	1.48076	1	
9.25050	1.77842	0	
9.06155	1.77167	0	
# Depth = 5, x = 9.37500 - 10.00000, y = 1.25000 - 1.87500
9.48663	1.56927	0	
9.92925	1.25077	1	
9.53142	1.70207	0	
9.87593	1.79751	1	
9.48650	1.73028	1	
9.99266	1.53814	0	
9.72345	1.31506	0	
9.62924	1.33223	1	
9.86882	1.34286	0	
9.77810	1.28566	1	
9.57987	1.72631	0	
9.89336	1.37022	1	
9.51600	1.65622	1	
9.39243	1.74172	1	
9.44121	1.72512	1	
9.75416	1.46070	0	
9.96060	1.48223	0	
9.48713	1.66405	0	
9.52915	1.79306	1	
9.66470	1.58888	0	
# Depth = 4, x = 7.50000 - 8.75000, y = 0.00000 - 1.25000
7.97378	0.14817	0	
7.61136	0.96333	0	
8.10171	0.99655	1	
8.59020	1.06011	0	
8.47138	1.15352	0	
8.00720	0.42973	0	
8.43975	0.91305	1	
7.75585	0.06365	0	
7.52694	0.28369	0	
8.42038	0.49946	1	
8.06090	0.74357	1	
8.27684	0.10920	1	
8.39550	0.13298	0	
8.11831	0.74704	0	
8.64817	0.88951	0	
8.34591	0.13868	0	
7.98812	0.04257	1	
8.17001	0.44740	0	
8.58748	0.18026	1	
7.94441	0.75882	0	
# Depth = 4, x = 8.75000 - 10.00000, y = 0.00000 - 1.25000
9.38633	0.34767	0	
9.10448	0.85534	1	
9.91901	0.12642	0	
9.18027	1.15446	0	
9.62647	0.94150	0	
9.03544	0.59364	1	
8.92013	0.49360	1	
9.55876	0.44996	1	
9.09232	0.06337	0	
9.34936	0.81142	0	
9.83854	0.03638	0	
9.26496	1.06686	0	
9.07265	0.34281	1	
9.98947	0.22464	0	
9.46040	0.40170	0	
9.14565	1.23647	1	
9.86624	0.56065	0	
9.05298	0.97161	0	
9.23082	0.81476	1	
9.90905	0.39237	0	
